0 0.223958333333 0.567592592593 0.0364583333333 0.087037037037
0 0.28828125 0.37037037037 0.0151041666667 0.037037037037
0 0.290104166667 0.333796296296 0.0114583333333 0.0268518518519
0 0.29453125 0.312037037037 0.00885416666667 0.0222222222222
0 0.301822916667 0.3 0.00677083333333 0.0185185185185
1 0.446354166667 0.28287037037 0.00833333333333 0.0212962962963
1 0.427083333333 0.276388888889 0.00520833333333 0.0175925925926
1 0.477604166667 0.294907407407 0.009375 0.025
1 0.551041666667 0.323148148148 0.0125 0.0277777777778
1 0.72265625 0.403240740741 0.0223958333333 0.0509259259259
