0 0.2890625 0.926851851852 0.0416666666667 0.0925925925926
0 0.454166666667 0.669444444444 0.0270833333333 0.0592592592593
0 0.542447916667 0.521759259259 0.0182291666667 0.037962962963
0 0.6328125 0.415277777778 0.0145833333333 0.0361111111111
0 0.74140625 0.297222222222 0.0109375 0.0277777777778
0 0.861979166667 0.187037037037 0.0104166666667 0.0222222222222
1 0.950520833333 0.145833333333 0.0125 0.0324074074074
1 0.856510416667 0.244907407407 0.0161458333333 0.0398148148148
1 0.846354166667 0.343055555556 0.0270833333333 0.0657407407407
1 0.982291666667 0.554166666667 0.034375 0.165740740741
