2 0.158072916667 0.933796296296 0.0223958333333 0.0453703703704
2 0.309895833333 0.840740740741 0.0333333333333 0.062962962963
2 0.429947916667 0.646759259259 0.0192708333333 0.0398148148148
2 0.301822916667 0.747222222222 0.0161458333333 0.0351851851852
2 0.278385416667 0.727314814815 0.0109375 0.0212962962963
2 0.28984375 0.713888888889 0.00989583333333 0.0240740740741
2 0.369010416667 0.663888888889 0.0130208333333 0.0277777777778
2 0.480208333333 0.572222222222 0.0135416666667 0.0296296296296
2 0.511979166667 0.521296296296 0.0104166666667 0.0259259259259
2 0.525520833333 0.5 0.0104166666667 0.0240740740741
2 0.417447916667 0.602314814815 0.0109375 0.0212962962963
2 0.444791666667 0.568518518519 0.0104166666667 0.0203703703704
1 0.784375 0.449537037037 0.0302083333333 0.0675925925926
1 0.697916666667 0.396296296296 0.0166666666667 0.0388888888889
1 0.673697916667 0.387962962963 0.0119791666667 0.0296296296296
1 0.65703125 0.377314814815 0.00885416666667 0.0231481481481
