2 0.0515625 0.838888888889 0.103125 0.194444444444
2 0.1203125 0.67037037037 0.0510416666667 0.111111111111
2 0.263802083333 0.584722222222 0.0317708333333 0.075
2 0.2234375 0.52962962963 0.025 0.0462962962963
0 0.229166666667 0.603703703704 0.0458333333333 0.0537037037037
0 0.10625 0.504166666667 0.0166666666667 0.0287037037037
0 0.246354166667 0.493981481481 0.0114583333333 0.0324074074074
0 0.302864583333 0.463888888889 0.0078125 0.0185185185185
0 0.193489583333 0.474074074074 0.00885416666667 0.0185185185185
0 0.17578125 0.470833333333 0.0078125 0.0175925925926
0 0.0854166666667 0.484259259259 0.00833333333333 0.0185185185185
0 0.00989583333333 0.491203703704 0.009375 0.0212962962963
1 0.164583333333 0.470833333333 0.00729166666667 0.0194444444444
1 0.215625 0.510185185185 0.0114583333333 0.0333333333333
1 0.317447916667 0.458333333333 0.00572916666667 0.0185185185185
2 0.484895833333 0.51712962963 0.025 0.0527777777778
0 0.51796875 0.46712962963 0.0140625 0.0268518518519
0 0.61328125 0.483333333333 0.0203125 0.0388888888889
0 0.574739583333 0.45787037037 0.00989583333333 0.025
3 0.559895833333 0.443981481481 0.0166666666667 0.0601851851852
3 0.58515625 0.438888888889 0.0140625 0.0555555555556
1 0.599479166667 0.441203703704 0.009375 0.0194444444444
1 0.66953125 0.439351851852 0.00885416666667 0.0212962962963
1 0.731510416667 0.456018518519 0.0130208333333 0.0305555555556
1 0.805989583333 0.45787037037 0.0140625 0.0361111111111
1 0.784375 0.438888888889 0.0114583333333 0.0259259259259
0 0.7953125 0.484722222222 0.0239583333333 0.0453703703704
0 0.790364583333 0.431481481481 0.00885416666667 0.0203703703704
0 0.924739583333 0.42037037037 0.00885416666667 0.0203703703704
1 0.95078125 0.456481481481 0.0192708333333 0.0388888888889
1 0.870572916667 0.429166666667 0.0109375 0.025
1 0.981510416667 0.421759259259 0.0109375 0.025
3 0.739583333333 0.433333333333 0.0145833333333 0.0611111111111
3 0.751041666667 0.428703703704 0.0135416666667 0.0592592592593
2 0.810416666667 0.424537037037 0.00729166666667 0.0175925925926
2 0.703385416667 0.431018518519 0.0078125 0.0194444444444
