2 0.1171875 0.448611111111 0.0104166666667 0.0268518518519
2 0.235416666667 0.453703703704 0.009375 0.0277777777778
1 0.17265625 0.480092592593 0.0161458333333 0.0398148148148
0 0.242708333333 0.468981481481 0.0145833333333 0.0342592592593
0 0.0385416666667 0.594907407407 0.0385416666667 0.0916666666667
1 0.0153645833333 0.553240740741 0.0296875 0.0712962962963
1 0.359375 0.477777777778 0.0197916666667 0.0425925925926
1 0.413541666667 0.531481481481 0.0354166666667 0.0666666666667
1 0.5265625 0.478703703704 0.021875 0.0407407407407
0 0.500260416667 0.466666666667 0.0192708333333 0.0388888888889
2 0.51953125 0.440740740741 0.0109375 0.0277777777778
2 0.545833333333 0.449537037037 0.0125 0.0305555555556
0 0.76015625 0.555555555556 0.0401041666667 0.0777777777778
2 0.831770833333 0.444907407407 0.0125 0.0268518518519
0 0.973697916667 0.474537037037 0.0223958333333 0.0453703703704
