2 0.0369791666667 0.783796296296 0.059375 0.139814814815
0 0.00859375 0.611574074074 0.0171875 0.0601851851852
0 0.115104166667 0.558796296296 0.0135416666667 0.0361111111111
0 0.294010416667 0.601851851852 0.0265625 0.0574074074074
1 0.143229166667 0.553240740741 0.0125 0.0342592592593
1 0.296354166667 0.631018518519 0.0322916666667 0.0712962962963
0 0.31875 0.558796296296 0.0145833333333 0.037962962963
0 0.525 0.591203703704 0.0270833333333 0.0527777777778
0 0.497135416667 0.558796296296 0.0203125 0.0398148148148
1 0.42421875 0.55 0.0140625 0.0333333333333
2 0.464583333333 0.684259259259 0.0489583333333 0.0962962962963
3 0.608333333333 0.552314814815 0.034375 0.115740740741
0 0.59609375 0.564351851852 0.0119791666667 0.037962962963
0 0.635677083333 0.581481481481 0.0182291666667 0.0481481481481
0 0.666927083333 0.572222222222 0.0109375 0.0444444444444
3 0.65625 0.54537037037 0.0260416666667 0.107407407407
0 0.709375 0.633796296296 0.0385416666667 0.0712962962963
1 0.820572916667 0.556944444444 0.0192708333333 0.037962962963
1 0.937239583333 0.598611111111 0.0244791666667 0.0546296296296
2 0.884375 0.546296296296 0.0166666666667 0.0333333333333
2 0.909375 0.52962962963 0.0114583333333 0.0240740740741
2 0.936979166667 0.538425925926 0.0114583333333 0.0305555555556
3 0.955729166667 0.551851851852 0.025 0.12037037037
3 0.9765625 0.545833333333 0.0270833333333 0.113888888889
