0 0.12265625 0.561111111111 0.0369791666667 0.0907407407407
0 0.2875 0.378240740741 0.0208333333333 0.0472222222222
0 0.345052083333 0.323148148148 0.00989583333333 0.0333333333333
0 0.350260416667 0.300462962963 0.0078125 0.025
0 0.346614583333 0.286111111111 0.00677083333333 0.0203703703704
0 0.339322916667 0.276851851852 0.00572916666667 0.0166666666667
0 0.27890625 0.266666666667 0.00572916666667 0.012962962963
0 0.322395833333 0.264814814815 0.003125 0.012962962963
1 0.689583333333 0.400462962963 0.0239583333333 0.0527777777778
1 0.61640625 0.343055555556 0.0151041666667 0.0435185185185
1 0.563541666667 0.311111111111 0.009375 0.0296296296296
1 0.509635416667 0.283333333333 0.00572916666667 0.0203703703704
1 0.495833333333 0.273611111111 0.00729166666667 0.0194444444444
1 0.464583333333 0.263888888889 0.00625 0.0185185185185
