0 0.209375 0.477314814815 0.0302083333333 0.0601851851852
0 0.2703125 0.373611111111 0.0145833333333 0.037962962963
0 0.26171875 0.332407407407 0.00885416666667 0.0259259259259
0 0.214322916667 0.318055555556 0.00885416666667 0.0212962962963
0 0.1859375 0.316203703704 0.00625 0.0157407407407
1 0.651822916667 0.399074074074 0.0223958333333 0.0537037037037
1 0.559375 0.34537037037 0.0125 0.0388888888889
1 0.517708333333 0.316666666667 0.0104166666667 0.0314814814815
1 0.475 0.299537037037 0.009375 0.025
1 0.439322916667 0.287037037037 0.00572916666667 0.0185185185185
1 0.4015625 0.282407407407 0.00729166666667 0.0185185185185
1 0.301041666667 0.284259259259 0.00416666666667 0.0111111111111
