2 0.0046875 0.489814814815 0.009375 0.037037037037
2 0.0390625 0.441666666667 0.0145833333333 0.0425925925926
2 0.0979166666667 0.381481481481 0.0145833333333 0.0314814814815
2 0.13984375 0.350925925926 0.00885416666667 0.0240740740741
2 0.182291666667 0.323611111111 0.0104166666667 0.0212962962963
2 0.20625 0.308333333333 0.00833333333333 0.0185185185185
2 0.224739583333 0.300925925926 0.00572916666667 0.0185185185185
2 0.2375 0.293055555556 0.00625 0.0157407407407
2 0.27109375 0.276851851852 0.0046875 0.0166666666667
2 0.265104166667 0.366666666667 0.0135416666667 0.0407407407407
2 0.2828125 0.37037037037 0.01875 0.0203703703704
2 0.28046875 0.346759259259 0.0109375 0.0324074074074
2 0.291927083333 0.323148148148 0.00989583333333 0.0296296296296
2 0.304166666667 0.310648148148 0.0114583333333 0.0268518518519
2 0.31640625 0.295833333333 0.00885416666667 0.0231481481481
2 0.33125 0.285185185185 0.00729166666667 0.0185185185185
2 0.338020833333 0.279166666667 0.00625 0.0175925925926
2 0.348177083333 0.271759259259 0.00572916666667 0.0138888888889
0 0.30390625 0.373148148148 0.0223958333333 0.0240740740741
0 0.321354166667 0.363425925926 0.0135416666667 0.0398148148148
0 0.349479166667 0.319907407407 0.0114583333333 0.0157407407407
0 0.358072916667 0.314351851852 0.0078125 0.025
0 0.3859375 0.297222222222 0.0114583333333 0.0203703703704
0 0.394270833333 0.293055555556 0.00729166666667 0.025
0 0.41875 0.275 0.00625 0.0185185185185
1 0.554427083333 0.268055555556 0.00677083333333 0.0157407407407
1 0.563541666667 0.277777777778 0.00520833333333 0.0166666666667
1 0.581510416667 0.295833333333 0.0078125 0.0231481481481
1 0.6 0.325925925926 0.0114583333333 0.0296296296296
1 0.667447916667 0.430555555556 0.0223958333333 0.0555555555556
