0 0.06875 0.951851851852 0.078125 0.0944444444444
0 0.284635416667 0.481018518519 0.0307291666667 0.0842592592593
0 0.205208333333 0.412962962963 0.01875 0.0555555555556
0 0.0557291666667 0.433333333333 0.0166666666667 0.0444444444444
1 0.8 0.417592592593 0.0239583333333 0.0518518518519
1 0.67578125 0.338425925926 0.0140625 0.0305555555556
0 0.6421875 0.27962962963 0.00729166666667 0.0240740740741
0 0.6328125 0.277314814815 0.00833333333333 0.0268518518519
1 0.51953125 0.313888888889 0.0109375 0.0296296296296
1 0.390625 0.305092592593 0.009375 0.025
1 0.271614583333 0.31712962963 0.00885416666667 0.0268518518519
1 0.205208333333 0.318981481481 0.00833333333333 0.025
