0 0.0294270833333 0.583796296296 0.0348958333333 0.0768518518519
0 0.2296875 0.397685185185 0.0177083333333 0.0435185185185
0 0.325260416667 0.324074074074 0.00885416666667 0.0296296296296
0 0.380989583333 0.289814814815 0.00885416666667 0.0203703703704
0 0.0302083333333 0.40462962963 0.0114583333333 0.0296296296296
0 0.0783854166667 0.350925925926 0.00677083333333 0.0166666666667
0 0.416145833333 0.269907407407 0.00520833333333 0.0175925925926
1 0.894270833333 0.435185185185 0.021875 0.05
2 0.77421875 0.353240740741 0.0078125 0.0324074074074
2 0.786979166667 0.356481481481 0.0114583333333 0.0351851851852
0 0.74921875 0.310648148148 0.00572916666667 0.025
0 0.70859375 0.276851851852 0.00885416666667 0.0240740740741
2 0.686458333333 0.303240740741 0.00833333333333 0.0212962962963
2 0.611458333333 0.355092592593 0.0177083333333 0.037962962963
2 0.646614583333 0.281944444444 0.00677083333333 0.0212962962963
2 0.569791666667 0.298611111111 0.009375 0.025
2 0.554947916667 0.278240740741 0.0078125 0.0212962962963
2 0.542708333333 0.264351851852 0.00520833333333 0.0138888888889
