0 0.152864583333 0.620833333333 0.0421875 0.0990740740741
0 0.145572916667 0.464351851852 0.0223958333333 0.0601851851852
0 0.140885416667 0.391666666667 0.0130208333333 0.0388888888889
0 0.15 0.356481481481 0.009375 0.0277777777778
0 0.177864583333 0.335185185185 0.00989583333333 0.0240740740741
0 0.255989583333 0.303703703704 0.00677083333333 0.0203703703704
0 0.352864583333 0.281481481481 0.0046875 0.0166666666667
0 0.42734375 0.270833333333 0.00677083333333 0.0175925925926
1 0.684114583333 0.298611111111 0.00677083333333 0.0231481481481
1 0.57421875 0.299537037037 0.00885416666667 0.0287037037037
1 0.464322916667 0.325925925926 0.0151041666667 0.0296296296296
1 0.521354166667 0.353240740741 0.0177083333333 0.0398148148148
1 0.70625 0.460185185185 0.0270833333333 0.0685185185185
2 0.942708333333 0.31712962963 0.00416666666667 0.0157407407407
0 0.9453125 0.416666666667 0.01875 0.05
1 0.973958333333 0.441666666667 0.015625 0.0481481481481
