0 0.0684895833333 0.541666666667 0.0213541666667 0.0425925925926
1 0.1375 0.584259259259 0.0239583333333 0.0481481481481
1 0.342447916667 0.593518518519 0.0234375 0.0481481481481
0 0.452864583333 0.553703703704 0.0182291666667 0.0388888888889
1 0.501041666667 0.622222222222 0.0229166666667 0.0481481481481
1 0.56015625 0.643981481481 0.0265625 0.0527777777778
1 0.6265625 0.680555555556 0.028125 0.0537037037037
1 0.728385416667 0.727314814815 0.0296875 0.062037037037
0 0.655989583333 0.564814814815 0.0244791666667 0.0462962962963
1 0.888020833333 0.760185185185 0.03125 0.0611111111111
0 0.866927083333 0.593055555556 0.0223958333333 0.0509259259259
0 0.968229166667 0.625 0.0229166666667 0.0537037037037
