1 0.11796875 0.925 0.0296875 0.0611111111111
1 0.2890625 0.856944444444 0.0229166666667 0.0490740740741
1 0.05625 0.659259259259 0.0114583333333 0.0333333333333
1 0.26953125 0.646296296296 0.0119791666667 0.0333333333333
1 0.374739583333 0.618981481481 0.00989583333333 0.0287037037037
1 0.385416666667 0.599074074074 0.009375 0.0277777777778
1 0.405729166667 0.582407407407 0.0114583333333 0.0259259259259
1 0.428385416667 0.568518518519 0.00885416666667 0.0259259259259
1 0.473958333333 0.556944444444 0.009375 0.0231481481481
1 0.551041666667 0.548148148148 0.009375 0.0240740740741
1 0.49921875 0.781481481481 0.0192708333333 0.0425925925926
1 0.623958333333 0.734259259259 0.01875 0.0388888888889
1 0.69765625 0.706018518519 0.0171875 0.0361111111111
1 0.64609375 0.546759259259 0.00885416666667 0.0212962962963
1 0.778385416667 0.675925925926 0.0140625 0.0333333333333
1 0.841666666667 0.649537037037 0.015625 0.0305555555556
1 0.902083333333 0.628703703704 0.0114583333333 0.0277777777778
1 0.922395833333 0.556944444444 0.009375 0.0231481481481
1 0.836458333333 0.549537037037 0.00625 0.0212962962963
1 0.733072916667 0.547685185185 0.00885416666667 0.0231481481481
1 0.96640625 0.607407407407 0.0109375 0.0277777777778
1 0.996354166667 0.570833333333 0.00625 0.0268518518519
0 0.979947916667 0.541203703704 0.0078125 0.0194444444444
0 0.995833333333 0.724537037037 0.00729166666667 0.0305555555556
0 0.91484375 0.773611111111 0.0213541666667 0.0435185185185
0 0.824739583333 0.82037037037 0.0223958333333 0.0462962962963
0 0.65625 0.896759259259 0.0260416666667 0.0546296296296
0 0.450260416667 0.979166666667 0.0192708333333 0.037962962963
0 0.1171875 0.610648148148 0.0125 0.0305555555556
0 0.170572916667 0.594444444444 0.0119791666667 0.0277777777778
0 0.212239583333 0.572222222222 0.00885416666667 0.0259259259259
0 0.2625 0.556944444444 0.0104166666667 0.025
0 0.334375 0.543055555556 0.00833333333333 0.0231481481481
0 0.392447916667 0.533796296296 0.00885416666667 0.0231481481481
0 0.51953125 0.530092592593 0.00885416666667 0.0212962962963
0 0.62890625 0.526851851852 0.00885416666667 0.0222222222222
0 0.721875 0.525925925926 0.00729166666667 0.0240740740741
