3 0.919791666667 0.583796296296 0.01875 0.0638888888889
3 0.957552083333 0.583796296296 0.0182291666667 0.062037037037
3 0.9390625 0.563425925926 0.015625 0.0583333333333
3 0.975 0.563888888889 0.0177083333333 0.0592592592593
1 0.933072916667 0.652314814815 0.0130208333333 0.0324074074074
1 0.7375 0.602777777778 0.0125 0.0277777777778
1 0.711979166667 0.668518518519 0.015625 0.0314814814815
1 0.5484375 0.604166666667 0.0114583333333 0.0268518518519
1 0.502604166667 0.696759259259 0.0166666666667 0.0342592592593
1 0.371875 0.727777777778 0.015625 0.0351851851852
1 0.369010416667 0.616203703704 0.0109375 0.0287037037037
1 0.291145833333 0.775462962963 0.0197916666667 0.0416666666667
1 0.180208333333 0.848611111111 0.0229166666667 0.0453703703704
1 0.172395833333 0.9125 0.0260416666667 0.0509259259259
1 0.19609375 0.963425925926 0.0317708333333 0.0564814814815
1 0.0489583333333 0.650925925926 0.0135416666667 0.0296296296296
1 0.195572916667 0.631018518519 0.0109375 0.0305555555556
0 0.0380208333333 0.617592592593 0.009375 0.0277777777778
0 0.31796875 0.598611111111 0.0119791666667 0.025
0 0.625260416667 0.581944444444 0.0078125 0.025
0 0.798177083333 0.57962962963 0.00885416666667 0.0259259259259
0 0.823177083333 0.703703703704 0.0182291666667 0.0351851851852
0 0.648958333333 0.740740740741 0.01875 0.0407407407407
0 0.53984375 0.801388888889 0.0182291666667 0.0453703703704
0 0.532291666667 0.850925925926 0.0229166666667 0.0481481481481
0 0.592447916667 0.92037037037 0.0296875 0.0574074074074
0 0.683333333333 0.979166666667 0.0177083333333 0.0398148148148
0 0.472916666667 0.585648148148 0.0104166666667 0.0268518518519
