0 0.0682291666667 0.569907407407 0.0145833333333 0.0342592592593
0 0.161197916667 0.54537037037 0.00989583333333 0.0259259259259
0 0.27890625 0.515740740741 0.00989583333333 0.0259259259259
0 0.48046875 0.469444444444 0.0109375 0.0222222222222
0 0.54921875 0.451851851852 0.00885416666667 0.0185185185185
0 0.609375 0.440277777778 0.00729166666667 0.0175925925926
0 0.762760416667 0.417592592593 0.0078125 0.012962962963
0 0.0119791666667 0.897685185185 0.021875 0.062037037037
0 0.69609375 0.969444444444 0.0244791666667 0.0592592592593
0 0.977864583333 0.92962962963 0.0296875 0.0703703703704
0 0.921614583333 0.409722222222 0.00677083333333 0.0175925925926
1 0.952083333333 0.419444444444 0.00833333333333 0.0185185185185
1 0.954166666667 0.484259259259 0.00833333333333 0.0222222222222
1 0.9046875 0.509259259259 0.0114583333333 0.0277777777778
1 0.841666666667 0.548148148148 0.0125 0.0277777777778
1 0.835416666667 0.583333333333 0.0145833333333 0.0333333333333
1 0.848697916667 0.612037037037 0.0151041666667 0.0333333333333
1 0.849479166667 0.426851851852 0.00625 0.0185185185185
1 0.76875 0.436111111111 0.00625 0.0203703703704
1 0.71484375 0.445833333333 0.0078125 0.0194444444444
1 0.621354166667 0.46712962963 0.009375 0.0231481481481
1 0.5625 0.47962962963 0.009375 0.0203703703704
1 0.511458333333 0.493055555556 0.009375 0.0231481481481
1 0.4484375 0.513425925926 0.00833333333333 0.0231481481481
1 0.382291666667 0.530092592593 0.0114583333333 0.025
1 0.3140625 0.551851851852 0.0135416666667 0.0296296296296
1 0.241145833333 0.587962962963 0.0114583333333 0.0333333333333
1 0.201041666667 0.631944444444 0.015625 0.0342592592593
1 0.201822916667 0.686574074074 0.0151041666667 0.0361111111111
1 0.270052083333 0.738888888889 0.0203125 0.0462962962963
1 0.44765625 0.780555555556 0.0234375 0.0481481481481
1 0.634375 0.766203703704 0.021875 0.0490740740741
1 0.769270833333 0.733333333333 0.0208333333333 0.0462962962963
1 0.840625 0.672685185185 0.0166666666667 0.037962962963
