0 0.299479166667 0.796296296296 0.0270833333333 0.0518518518519
0 0.3984375 0.637962962963 0.015625 0.037037037037
0 0.44296875 0.569444444444 0.00885416666667 0.0240740740741
0 0.477604166667 0.521296296296 0.009375 0.0203703703704
0 0.511197916667 0.480092592593 0.00572916666667 0.0157407407407
1 0.596875 0.525925925926 0.0239583333333 0.05
1 0.586458333333 0.478703703704 0.015625 0.0351851851852
1 0.584114583333 0.446759259259 0.0109375 0.0268518518519
1 0.58515625 0.425925925926 0.0078125 0.0203703703704
1 0.598958333333 0.404166666667 0.00729166666667 0.0157407407407
0 0.08359375 0.925462962963 0.0119791666667 0.025
