0 0.301302083333 0.793981481481 0.0244791666667 0.0509259259259
0 0.370052083333 0.678703703704 0.0161458333333 0.0407407407407
0 0.332552083333 0.694907407407 0.0171875 0.0324074074074
0 0.250260416667 0.75787037037 0.0130208333333 0.0268518518519
0 0.170052083333 0.828703703704 0.0119791666667 0.0240740740741
1 0.917447916667 0.48287037037 0.0536458333333 0.117592592593
1 0.675520833333 0.451851851852 0.0197916666667 0.0481481481481
1 0.583854166667 0.480092592593 0.015625 0.037962962963
1 0.47578125 0.538425925926 0.00989583333333 0.025
1 0.40390625 0.593981481481 0.0078125 0.0194444444444
