2 0.191015625 0.4689814814814815 0.04140625 0.08425925925925926
2 0.2618489583333333 0.35555555555555557 0.026302083333333334 0.05555555555555555
2 0.5234375 0.23680555555555555 0.009375 0.022685185185185187
2 0.3712239583333333 0.23541666666666666 0.010677083333333334 0.01990740740740741
2 0.19986979166666666 0.33819444444444446 0.020052083333333335 0.04675925925925926
2 0.17044270833333333 0.2833333333333333 0.014322916666666666 0.028703703703703703
2 0.2936197916666667 0.2537037037037037 0.010677083333333334 0.025
2 0.5787760416666666 0.25555555555555554 0.012760416666666666 0.02962962962962963
2 0.5342447916666667 0.21689814814814815 0.00703125 0.0125
2 0.41354166666666664 0.21041666666666667 0.00625 0.015277777777777777
