1 0.46041666666666664 0.23680555555555555 0.0125 0.02638888888888889
1 0.5404947916666667 0.25601851851851853 0.01328125 0.03148148148148148
1 0.88984375 0.36898148148148147 0.019270833333333334 0.04537037037037037
1 0.06783854166666667 0.2604166666666667 0.00859375 0.01898148148148148
1 0.8393229166666667 0.4377314814814815 0.028125 0.06712962962962964
1 0.9705729166666667 0.36712962962962964 0.018229166666666668 0.04351851851851852
1 0.20247395833333334 0.23194444444444445 0.008072916666666667 0.016666666666666666
1 0.32981770833333335 0.22199074074074074 0.00859375 0.02175925925925926
2 0.6760416666666667 0.24027777777777778 0.011458333333333333 0.025
2 0.5692708333333333 0.23194444444444445 0.011458333333333333 0.021296296296296296
0 0.16979166666666667 0.6444444444444445 0.0640625 0.12685185185185185
0 0.37408854166666666 0.35694444444444445 0.02421875 0.05648148148148148
0 0.319140625 0.26134259259259257 0.015364583333333333 0.03287037037037037
0 0.8236979166666667 0.28425925925925927 0.014583333333333334 0.028703703703703703
0 0.6942708333333333 0.2712962962962963 0.015104166666666667 0.032407407407407406
0 0.23359375 0.25069444444444444 0.011979166666666667 0.02638888888888889
0 0.13502604166666668 0.2601851851851852 0.010677083333333334 0.022222222222222223
0 0.03125 0.2884259259259259 0.009895833333333333 0.024074074074074074
0 0.366796875 0.28194444444444444 0.016927083333333332 0.03611111111111111
0 0.9834635416666667 0.3261574074074074 0.00859375 0.03009259259259259
0 0.7080729166666667 0.28541666666666665 0.015104166666666667 0.03287037037037037
1 0.9740885416666667 0.9256944444444445 0.05182291666666667 0.13472222222222222
3 0.8122395833333333 0.2273148148148148 0.00625 0.025
