1 0.4747395833333333 0.31851851851851853 0.011979166666666667 0.024074074074074074
1 0.35833333333333334 0.28055555555555556 0.0125 0.022222222222222223
1 0.3536458333333333 0.3537037037037037 0.029166666666666667 0.05555555555555555
1 0.5841145833333333 0.42777777777777776 0.0234375 0.04814814814814815
1 0.3229166666666667 0.25462962962962965 0.010416666666666666 0.022222222222222223
1 0.28125 0.23425925925925925 0.00625 0.016666666666666666
1 0.8815104166666666 0.9324074074074075 0.11302083333333333 0.12407407407407407
1 0.4166666666666667 0.27870370370370373 0.010416666666666666 0.018518518518518517
1 0.02890625 0.6625 0.05572916666666667 0.2175925925925926
1 0.9828125 0.6055555555555555 0.013541666666666667 0.03148148148148148
