1 0.5122395833333333 0.37777777777777777 0.013020833333333334 0.02962962962962963
1 0.80859375 0.2953703703703704 0.0078125 0.016666666666666666
0 0.92734375 0.3300925925925926 0.0171875 0.032407407407407406
2 0.5953125 0.4462962962962963 0.03854166666666667 0.07407407407407407
2 0.6354166666666666 0.30416666666666664 0.014583333333333334 0.025
2 0.7010416666666667 0.2898148148148148 0.011458333333333333 0.025925925925925925
2 0.5572916666666666 0.32083333333333336 0.00625 0.01574074074074074
0 0.20963541666666666 0.4759259259259259 0.025520833333333333 0.05
2 0.6354166666666666 0.30416666666666664 0.014583333333333334 0.025
2 0.7010416666666667 0.2898148148148148 0.011458333333333333 0.025925925925925925
