1 0.8891927083333333 0.6273148148148148 0.047135416666666666 0.11018518518518519
1 0.8217447916666667 0.3939814814814815 0.02734375 0.05462962962962963
1 0.96171875 0.3574074074074074 0.016145833333333335 0.030555555555555555
1 0.8779947916666667 0.34930555555555554 0.016927083333333332 0.03935185185185185
1 0.48736979166666666 0.9907407407407407 0.020572916666666666 0.018518518518518517
2 0.10364583333333334 0.2310185185185185 0.00625 0.017592592592592594
0 0.26731770833333335 0.44537037037037036 0.04244791666666667 0.0824074074074074
0 0.83671875 0.2851851851851852 0.013541666666666667 0.025925925925925925
0 0.694921875 0.27037037037037037 0.01484375 0.02962962962962963
0 0.98046875 0.33101851851851855 0.007291666666666667 0.020370370370370372
0 0.5404947916666667 0.2935185185185185 0.01640625 0.037037037037037035
