1 0.20598958333333334 0.40694444444444444 0.019270833333333334 0.030555555555555555
1 0.30026041666666664 0.4009259259259259 0.021354166666666667 0.03333333333333333
2 0.46848958333333335 0.39537037037037037 0.0109375 0.025925925925925925
2 0.13723958333333333 0.6685185185185185 0.0734375 0.12037037037037036
2 0.22161458333333334 0.3638888888888889 0.015104166666666667 0.024074074074074074
0 0.7518229166666667 0.5171296296296296 0.018229166666666668 0.041666666666666664
0 0.9291666666666667 0.5069444444444444 0.008333333333333333 0.021296296296296296
0 0.9747395833333333 0.5935185185185186 0.025520833333333333 0.046296296296296294
0 0.7893229166666667 0.462037037037037 0.009895833333333333 0.020370370370370372
0 0.74296875 0.4685185185185185 0.0078125 0.022222222222222223
0 0.8809895833333333 0.5189814814814815 0.0140625 0.026851851851851852
0 0.8479166666666667 0.47314814814814815 0.008333333333333333 0.016666666666666666
0 0.8872395833333333 0.4981481481481482 0.0078125 0.020370370370370372
