1 0.18489583333333334 0.6907407407407408 0.08125 0.12407407407407407
2 0.5778645833333333 0.325 0.0078125 0.022222222222222223
2 0.6502604166666667 0.3486111111111111 0.015104166666666667 0.030555555555555555
0 0.8671875 0.3148148148148148 0.0125 0.024074074074074074
0 0.45546875 0.43194444444444446 0.022395833333333334 0.049074074074074076
0 0.9684895833333333 0.3101851851851852 0.0140625 0.025925925925925925
0 0.45286458333333335 0.3680555555555556 0.0109375 0.026851851851851852
0 0.7721354166666666 0.29398148148148145 0.0078125 0.01574074074074074
0 0.43723958333333335 0.34305555555555556 0.0067708333333333336 0.019444444444444445
1 0.5265625 0.48055555555555557 0.030208333333333334 0.05555555555555555
