1 0.31223958333333335 0.47824074074074074 0.027604166666666666 0.05648148148148148
1 0.9723958333333333 0.6805555555555556 0.05520833333333333 0.1111111111111111
1 0.47604166666666664 0.27361111111111114 0.007291666666666667 0.017592592592592594
1 0.5442708333333334 0.33194444444444443 0.020833333333333332 0.05648148148148148
1 0.53046875 0.2740740740740741 0.0109375 0.03148148148148148
1 0.5559895833333334 0.2324074074074074 0.0067708333333333336 0.020370370370370372
1 0.3966145833333333 0.3574074074074074 0.0171875 0.02962962962962963
2 0.30234375 0.3888888888888889 0.013020833333333334 0.024074074074074074
0 0.6059895833333333 0.19444444444444445 0.0067708333333333336 0.016666666666666666
2 0.3098958333333333 0.38981481481481484 0.007291666666666667 0.016666666666666666
0 0.5434895833333333 0.22083333333333333 0.005729166666666666 0.012037037037037037
