1 0.3723958333333333 0.2675925925925926 0.013541666666666667 0.025925925925925925
1 0.34791666666666665 0.25925925925925924 0.007291666666666667 0.018518518518518517
1 0.7497395833333333 0.2847222222222222 0.0078125 0.019444444444444445
2 0.2390625 0.3175925925925926 0.020833333333333332 0.03888888888888889
0 0.6791666666666667 0.32731481481481484 0.023958333333333335 0.03796296296296296
0 0.8765625 0.30925925925925923 0.007291666666666667 0.018518518518518517
0 0.8091145833333333 0.28194444444444444 0.0078125 0.01574074074074074
0 0.005729166666666666 0.5685185185185185 0.010416666666666666 0.07037037037037037
0 0.52734375 0.25416666666666665 0.0067708333333333336 0.017592592592592594
1 0.20234375 0.29305555555555557 0.011979166666666667 0.019444444444444445
