1 0.34088541666666666 0.38935185185185184 0.043229166666666666 0.075
1 0.6703125 0.5083333333333333 0.035416666666666666 0.06851851851851852
1 0.8041666666666667 0.46805555555555556 0.013541666666666667 0.026851851851851852
1 0.7684895833333333 0.43148148148148147 0.008854166666666666 0.016666666666666666
1 0.59765625 0.35185185185185186 0.009895833333333333 0.018518518518518517
1 0.5348958333333333 0.35 0.011458333333333333 0.02962962962962963
2 0.3578125 0.25601851851851853 0.010416666666666666 0.025
2 0.30364583333333334 0.22824074074074074 0.013541666666666667 0.025
2 0.4393229166666667 0.2726851851851852 0.008854166666666666 0.026851851851851852
1 0.3953125 0.300462962962963 0.014583333333333334 0.030555555555555555
