1 0.94609375 0.6358695652173914 0.0421875 0.09782608695652174
1 0.7375 0.5135869565217391 0.028125 0.07608695652173914
1 0.8296875 0.5625 0.03125 0.08695652173913043
1 0.575 0.4116847826086957 0.025 0.057065217391304345
1 0.67421875 0.4741847826086957 0.0296875 0.07336956521739131
1 0.6140625 0.44429347826086957 0.025 0.0625
0 0.028125 0.7771739130434783 0.05 0.14130434782608695
0 0.02109375 0.938858695652174 0.0359375 0.12228260869565218
0 0.0578125 0.6589673913043478 0.04375 0.11141304347826086
0 0.0625 0.5774456521739131 0.034375 0.09510869565217392
0 0.0765625 0.5190217391304348 0.025 0.08152173913043478
1 0.5328125 0.39945652173913043 0.01875 0.04891304347826087
