1 0.6260416666666667 0.4671296296296296 0.03333333333333333 0.05648148148148148
1 0.36354166666666665 0.33194444444444443 0.03333333333333333 0.06018518518518518
1 0.5317708333333333 0.3296296296296296 0.015625 0.02962962962962963
1 0.4484375 0.2569444444444444 0.008333333333333333 0.021296296296296296
1 0.36276041666666664 0.22546296296296298 0.008854166666666666 0.025
1 0.39401041666666664 0.2662037037037037 0.011979166666666667 0.032407407407407406
1 0.8091145833333333 0.4935185185185185 0.0078125 0.022222222222222223
2 0.8658854166666666 0.5532407407407407 0.013020833333333334 0.028703703703703703
2 0.9546875 0.6208333333333333 0.017708333333333333 0.028703703703703703
2 0.8921875 0.5708333333333333 0.010416666666666666 0.025
