1 0.8567708333333334 0.6868055555555556 0.057291666666666664 0.13657407407407407
1 0.765625 0.4043981481481482 0.028645833333333332 0.06157407407407407
1 0.969140625 0.3560185185185185 0.010677083333333334 0.027777777777777776
1 0.87734375 0.33819444444444446 0.015104166666666667 0.033796296296296297
1 0.5178385416666667 0.22916666666666666 0.009635416666666667 0.020370370370370372
1 0.5662760416666667 0.24537037037037038 0.010677083333333334 0.023148148148148147
1 0.8022135416666667 0.3425925925925926 0.01953125 0.04259259259259259
1 0.4942708333333333 0.2136574074074074 0.00625 0.016203703703703703
1 0.81484375 0.35509259259259257 0.022916666666666665 0.04259259259259259
2 0.057421875 0.2814814814814815 0.01328125 0.02962962962962963
2 0.34609375 0.25555555555555554 0.014583333333333334 0.028703703703703703
2 0.39674479166666665 0.23171296296296295 0.009635416666666667 0.024537037037037038
2 0.25533854166666664 0.23148148148148148 0.00859375 0.020370370370370372
0 0.13424479166666667 0.5175925925925926 0.04869791666666667 0.0962962962962963
0 0.5723958333333333 0.2773148148148148 0.015104166666666667 0.028703703703703703
0 0.15104166666666666 0.2655092592592593 0.011458333333333333 0.020833333333333332
0 0.441796875 0.3085648148148148 0.02109375 0.0412037037037037
0 0.7954427083333333 0.2759259259259259 0.011197916666666667 0.025925925925925925
0 0.9498697916666666 0.3189814814814815 0.009114583333333334 0.018518518518518517
0 0.6936197916666667 0.2511574074074074 0.01171875 0.020833333333333332
0 0.626171875 0.23287037037037037 0.007552083333333333 0.018518518518518517
0 0.80859375 0.287962962962963 0.015104166666666667 0.025925925925925925
2 0.16184895833333332 0.25972222222222224 0.011197916666666667 0.025
0 0.24674479166666666 0.2337962962962963 0.011197916666666667 0.01574074074074074
0 0.8830729166666667 0.30277777777777776 0.010416666666666666 0.021296296296296296
