1 0.5609375 0.4287037037037037 0.035416666666666666 0.07037037037037037
1 0.8630208333333333 0.31527777777777777 0.009375 0.021296296296296296
1 0.6216145833333333 0.3050925925925926 0.008854166666666666 0.023148148148148147
1 0.28541666666666665 0.4148148148148148 0.022916666666666665 0.05185185185185185
1 0.66796875 0.3453703703703704 0.019270833333333334 0.03888888888888889
1 0.7442708333333333 0.29398148148148145 0.009375 0.019444444444444445
2 0.7729166666666667 0.3175925925925926 0.014583333333333334 0.025925925925925925
2 0.5122395833333333 0.3333333333333333 0.013020833333333334 0.027777777777777776
2 0.92421875 0.31342592592592594 0.0078125 0.019444444444444445
0 0.8140625 0.2912037037037037 0.00625 0.012037037037037037
