1 0.6080729166666666 0.4532407407407407 0.021354166666666667 0.05277777777777778
1 0.37734375 0.35555555555555557 0.0265625 0.05555555555555555
1 0.5052083333333334 0.33101851851851855 0.014583333333333334 0.030555555555555555
1 0.0609375 0.6782407407407407 0.11979166666666667 0.18796296296296297
1 0.38229166666666664 0.29212962962962963 0.011458333333333333 0.028703703703703703
1 0.43854166666666666 0.2828703703703704 0.007291666666666667 0.021296296296296296
1 0.87890625 0.5226851851851851 0.009895833333333333 0.025
1 0.8205729166666667 0.5087962962962963 0.013020833333333334 0.028703703703703703
1 0.35052083333333334 0.2564814814814815 0.008333333333333333 0.020370370370370372
1 0.8223958333333333 0.8180555555555555 0.06041666666666667 0.11018518518518519
