1 0.2109375 0.32314814814814813 0.015625 0.03148148148148148
1 0.035416666666666666 0.33101851851851855 0.015625 0.028703703703703703
1 0.7984375 0.4097222222222222 0.015625 0.030555555555555555
1 0.22057291666666667 0.3486111111111111 0.018229166666666668 0.030555555555555555
2 0.72734375 0.37083333333333335 0.0109375 0.025
0 0.9161458333333333 0.6685185185185185 0.058333333333333334 0.09814814814814815
0 0.4859375 0.33101851851851855 0.010416666666666666 0.019444444444444445
0 0.5341145833333333 0.3199074074074074 0.0078125 0.021296296296296296
0 0.40989583333333335 0.31296296296296294 0.010416666666666666 0.024074074074074074
0 0.9354166666666667 0.44351851851851853 0.014583333333333334 0.027777777777777776
