1 0.5270833333333333 0.3638888888888889 0.014583333333333334 0.027777777777777776
1 0.4046875 0.31851851851851853 0.0125 0.03148148148148148
1 0.4609375 0.3106481481481482 0.009375 0.019444444444444445
1 0.6372395833333333 0.4925925925925926 0.021354166666666667 0.05185185185185185
1 0.3953125 0.38425925925925924 0.029166666666666667 0.07777777777777778
1 0.3729166666666667 0.2875 0.008333333333333333 0.021296296296296296
1 0.9234375 0.5546296296296296 0.0125 0.024074074074074074
1 0.86484375 0.5407407407407407 0.015104166666666667 0.025925925925925925
1 0.3104166666666667 0.25324074074074077 0.008333333333333333 0.019444444444444445
1 0.04244791666666667 0.7824074074074074 0.08385416666666666 0.1814814814814815
1 0.8864583333333333 0.9097222222222222 0.096875 0.12314814814814815
