1 0.7572916666666667 0.41412037037037036 0.03125 0.06712962962962964
1 0.8611979166666667 0.7803240740740741 0.06770833333333333 0.1625
1 0.8041666666666667 0.3435185185185185 0.01875 0.04259259259259259
1 0.9848958333333333 0.36226851851851855 0.016145833333333335 0.03194444444444444
1 0.8891927083333333 0.33819444444444446 0.013802083333333333 0.034722222222222224
2 0.05859375 0.5680555555555555 0.04635416666666667 0.1175925925925926
2 0.04869791666666667 0.2708333333333333 0.011979166666666667 0.026851851851851852
0 0.42356770833333335 0.3136574074074074 0.023177083333333334 0.04490740740740741
0 0.60625 0.26990740740740743 0.014583333333333334 0.03148148148148148
0 0.060546875 0.5685185185185185 0.048177083333333336 0.10740740740740741
0 0.7515625 0.2712962962962963 0.014583333333333334 0.025
0 0.8911458333333333 0.3002314814814815 0.010416666666666666 0.022685185185185187
