1 0.3640625 0.30462962962962964 0.011458333333333333 0.025925925925925925
1 0.2559895833333333 0.3277777777777778 0.0203125 0.04259259259259259
1 0.23854166666666668 0.29398148148148145 0.013541666666666667 0.021296296296296296
1 0.43671875 0.3472222222222222 0.015104166666666667 0.03148148148148148
2 0.9729166666666667 0.6027777777777777 0.03125 0.053703703703703705
2 0.028125 0.5861111111111111 0.05520833333333333 0.15
2 0.5203125 0.34305555555555556 0.011458333333333333 0.021296296296296296
0 0.15859375 0.26666666666666666 0.008854166666666666 0.025925925925925925
0 0.09348958333333333 0.26157407407407407 0.015104166666666667 0.023148148148148147
0 0.7174479166666666 0.4287037037037037 0.013020833333333334 0.02962962962962963
0 0.2518229166666667 0.26990740740740743 0.008854166666666666 0.026851851851851852
2 0.6278645833333333 0.6263888888888889 0.025520833333333333 0.09907407407407408
