1 0.8716145833333333 0.6185185185185185 0.0296875 0.040740740740740744
1 0.37161458333333336 0.3023148148148148 0.008854166666666666 0.021296296296296296
1 0.4752604166666667 0.3402777777777778 0.011979166666666667 0.023148148148148147
1 0.3341145833333333 0.274537037037037 0.0046875 0.019444444444444445
1 0.41458333333333336 0.29768518518518516 0.007291666666666667 0.019444444444444445
2 0.384375 0.3731481481481482 0.025 0.046296296296296294
2 0.5760416666666667 0.45 0.016666666666666666 0.044444444444444446
2 0.9567708333333333 0.9805555555555555 0.08645833333333333 0.03888888888888889
2 0.18958333333333333 0.21574074074074073 0.0125 0.022222222222222223
2 0.7997395833333333 0.5439814814814815 0.015104166666666667 0.03425925925925926
0 0.6671875 0.43287037037037035 0.009375 0.019444444444444445
0 0.25286458333333334 0.23564814814814813 0.011979166666666667 0.025
