1 0.8083333333333333 0.5106481481481482 0.009375 0.021296296296296296
1 0.25416666666666665 0.22685185185185186 0.010416666666666666 0.018518518518518517
0 0.6690104166666667 0.562037037037037 0.0390625 0.07222222222222222
0 0.34140625 0.4027777777777778 0.03802083333333333 0.07037037037037037
0 0.5302083333333333 0.37083333333333335 0.015625 0.032407407407407406
0 0.3640625 0.28055555555555556 0.009375 0.020370370370370372
0 0.45234375 0.30787037037037035 0.0078125 0.021296296296296296
0 0.3260416666666667 0.25601851851851853 0.010416666666666666 0.019444444444444445
0 0.39895833333333336 0.32083333333333336 0.014583333333333334 0.03425925925925926
1 0.9403645833333333 0.611574074074074 0.018229166666666668 0.028703703703703703
