2 0.21119791666666668 0.26273148148148145 0.009895833333333333 0.02361111111111111
2 0.256640625 0.4127314814814815 0.037760416666666664 0.07268518518518519
2 0.7610677083333334 0.2675925925925926 0.01328125 0.025
2 0.11484375 0.26273148148148145 0.009895833333333333 0.01898148148148148
2 0.06041666666666667 0.26458333333333334 0.00625 0.01898148148148148
2 0.36471354166666664 0.21851851851851853 0.00859375 0.014814814814814815
0 0.510546875 0.2337962962962963 0.010677083333333334 0.018518518518518517
0 0.27096354166666664 0.2881944444444444 0.017447916666666667 0.034722222222222224
3 0.98984375 0.3025462962962963 0.018229166666666668 0.06898148148148148
0 0.5274739583333333 0.23425925925925925 0.010677083333333334 0.017592592592592594
2 0.5197916666666667 0.23287037037037037 0.0067708333333333336 0.020370370370370372
