1 0.8609375 0.5115740740740741 0.010416666666666666 0.025
1 0.8315104166666667 0.5060185185185185 0.013020833333333334 0.026851851851851852
0 0.2786458333333333 0.3861111111111111 0.046875 0.08703703703703704
0 0.6903645833333333 0.6041666666666666 0.044270833333333336 0.08796296296296297
0 0.38359375 0.2861111111111111 0.0171875 0.03148148148148148
0 0.44973958333333336 0.2740740740740741 0.0109375 0.018518518518518517
0 0.3171875 0.21805555555555556 0.009375 0.019444444444444445
0 0.3533854166666667 0.2412037037037037 0.011979166666666667 0.023148148148148147
0 0.53046875 0.34305555555555556 0.0140625 0.032407407407407406
1 0.9747395833333333 0.6314814814814815 0.021354166666666667 0.02962962962962963
