2 0.2640625 0.42962962962962964 0.020833333333333332 0.046296296296296294
0 0.9153645833333334 0.45694444444444443 0.0390625 0.06574074074074074
0 0.765625 0.3592592592592593 0.0125 0.03148148148148148
0 0.5747395833333333 0.43472222222222223 0.028645833333333332 0.05648148148148148
0 0.77421875 0.33240740740740743 0.0109375 0.024074074074074074
0 0.5786458333333333 0.3875 0.017708333333333333 0.03981481481481482
0 0.6703125 0.3236111111111111 0.008333333333333333 0.017592592592592594
0 0.6122395833333333 0.350462962962963 0.0171875 0.030555555555555555
0 0.7291666666666666 0.3148148148148148 0.005208333333333333 0.014814814814814815
1 0.24348958333333334 0.44305555555555554 0.0265625 0.028703703703703703
