1 0.6572916666666667 0.3296296296296296 0.023958333333333335 0.04259259259259259
1 0.31744791666666666 0.4824074074074074 0.030729166666666665 0.06296296296296296
0 0.42161458333333335 0.3648148148148148 0.016145833333333335 0.024074074074074074
2 0.5635416666666667 0.29768518518518516 0.010416666666666666 0.023148148148148147
0 0.7520833333333333 0.24814814814814815 0.009375 0.018518518518518517
0 0.4393229166666667 0.3314814814814815 0.0067708333333333336 0.016666666666666666
0 0.8505208333333333 0.23472222222222222 0.014583333333333334 0.025
0 0.9510416666666667 0.2611111111111111 0.020833333333333332 0.03148148148148148
0 0.83671875 0.2324074074074074 0.022395833333333334 0.024074074074074074
0 0.7109375 0.2412037037037037 0.00625 0.01574074074074074
1 0.4479166666666667 0.3787037037037037 0.015625 0.027777777777777776
