1 0.37421875 0.26805555555555555 0.013020833333333334 0.027777777777777776
1 0.4666666666666667 0.28055555555555556 0.016145833333333335 0.03425925925925926
1 0.6717447916666667 0.35347222222222224 0.024739583333333332 0.0587962962962963
1 0.15625 0.2824074074074074 0.010416666666666666 0.023148148148148147
1 0.04479166666666667 0.3224537037037037 0.008333333333333333 0.024537037037037038
1 0.24921875 0.25416666666666665 0.009895833333333333 0.021296296296296296
2 0.828515625 0.2537037037037037 0.01171875 0.023148148148148147
2 0.9924479166666667 0.33055555555555555 0.009375 0.03888888888888889
2 0.887890625 0.2763888888888889 0.012760416666666666 0.024074074074074074
2 0.7779947916666666 0.24467592592592594 0.01171875 0.02546296296296296
2 0.5192708333333333 0.22870370370370371 0.013020833333333334 0.019444444444444445
2 0.569921875 0.2465277777777778 0.011197916666666667 0.024537037037037038
0 0.248046875 0.4583333333333333 0.039322916666666666 0.07685185185185185
0 0.2234375 0.3599537037037037 0.0265625 0.052314814814814814
0 0.05611979166666667 0.34791666666666665 0.01328125 0.031018518518518518
0 0.7154947916666666 0.24004629629629629 0.010677083333333334 0.01712962962962963
0 0.36354166666666665 0.24444444444444444 0.009375 0.022222222222222223
0 0.150390625 0.33611111111111114 0.018489583333333334 0.03796296296296296
2 0.7072916666666667 0.2377314814814815 0.007291666666666667 0.01990740740740741
2 0.6505208333333333 0.22175925925925927 0.0067708333333333336 0.016666666666666666
0 0.6442708333333333 0.22083333333333333 0.008333333333333333 0.012962962962962963
