2 0.13125 0.6616847826086957 0.028125 0.04076086956521739
1 0.04296875 0.657608695652174 0.0171875 0.043478260869565216
1 0.72109375 0.5679347826086957 0.0171875 0.02717391304347826
0 0.571875 0.6304347826086957 0.01875 0.03260869565217391
0 0.646875 0.5978260869565217 0.015625 0.03260869565217391
0 0.321875 0.6875 0.025 0.04891304347826087
0 0.68671875 0.5896739130434783 0.0140625 0.02717391304347826
0 0.40234375 0.6970108695652174 0.0265625 0.057065217391304345
1 0.065625 0.65625 0.015625 0.04076086956521739
0 0.425 0.7078804347826086 0.025 0.04076086956521739
