2 0.7703125 0.32546296296296295 0.013541666666666667 0.025
1 0.24895833333333334 0.3675925925925926 0.01875 0.037037037037037035
1 0.6291666666666667 0.28564814814814815 0.010416666666666666 0.019444444444444445
2 0.8018229166666667 0.4912037037037037 0.04739583333333333 0.08425925925925926
2 0.4278645833333333 0.44212962962962965 0.03697916666666667 0.075
2 0.05911458333333333 0.4263888888888889 0.027604166666666666 0.04722222222222222
2 0.5729166666666666 0.3277777777777778 0.014583333333333334 0.03333333333333333
2 0.47291666666666665 0.30416666666666664 0.014583333333333334 0.026851851851851852
2 0.65234375 0.3060185185185185 0.013020833333333334 0.026851851851851852
2 0.7385416666666667 0.3560185185185185 0.020833333333333332 0.03796296296296296
