1 0.7611979166666667 0.3680555555555556 0.0067708333333333336 0.013888888888888888
1 0.44036458333333334 0.31574074074074077 0.0078125 0.016666666666666666
1 0.34869791666666666 0.4041666666666667 0.030729166666666665 0.049074074074074076
1 0.5841145833333333 0.3388888888888889 0.0109375 0.022222222222222223
2 0.3734375 0.4050925925925926 0.023958333333333335 0.05092592592592592
0 0.8458333333333333 0.637962962962963 0.053125 0.09444444444444444
0 0.6622395833333333 0.4824074074074074 0.0328125 0.06481481481481481
0 0.98984375 0.5208333333333334 0.0203125 0.03981481481481482
0 0.7809895833333333 0.4324074074074074 0.0203125 0.037037037037037035
0 0.83046875 0.41759259259259257 0.0140625 0.02962962962962963
0 0.8921875 0.4222222222222222 0.010416666666666666 0.024074074074074074
0 0.9671875 0.4759259259259259 0.014583333333333334 0.03148148148148148
0 0.8458333333333333 0.637962962962963 0.053125 0.09444444444444444
1 0.5171875 0.3333333333333333 0.007291666666666667 0.018518518518518517
2 0.6747395833333333 0.35138888888888886 0.0067708333333333336 0.013888888888888888
