1 0.5255208333333333 0.4083333333333333 0.014583333333333334 0.03518518518518519
1 0.35598958333333336 0.4078703703703704 0.013020833333333334 0.028703703703703703
1 0.4786458333333333 0.3912037037037037 0.011458333333333333 0.023148148148148147
1 0.30546875 0.4398148148148148 0.0171875 0.03518518518518519
2 0.34791666666666665 0.5412037037037037 0.040625 0.0787037037037037
2 0.10286458333333333 0.4625 0.015104166666666667 0.025
2 0.21171875 0.425462962962963 0.0140625 0.025
2 0.16588541666666667 0.4236111111111111 0.0109375 0.028703703703703703
0 0.7174479166666666 0.3712962962962963 0.013020833333333334 0.024074074074074074
0 0.6635416666666667 0.3560185185185185 0.00625 0.013888888888888888
0 0.6203125 0.3675925925925926 0.00625 0.012962962962962963
