1 0.5765625 0.36203703703703705 0.03854166666666667 0.08148148148148149
1 0.22734375 0.6296296296296297 0.0484375 0.07592592592592592
1 0.5247395833333334 0.27870370370370373 0.0140625 0.037037037037037035
1 0.38177083333333334 0.3638888888888889 0.017708333333333333 0.03518518518518519
1 0.5140625 0.2337962962962963 0.007291666666666667 0.019444444444444445
1 0.44114583333333335 0.29305555555555557 0.014583333333333334 0.030555555555555555
1 0.062239583333333334 0.6055555555555555 0.0171875 0.02962962962962963
1 0.58046875 0.20462962962962963 0.0078125 0.016666666666666666
2 0.3765625 0.3212962962962963 0.008333333333333333 0.014814814814814815
1 0.5424479166666667 0.23842592592592593 0.009895833333333333 0.019444444444444445
