1 0.859375 0.5689814814814815 0.015625 0.025
2 0.7247395833333333 0.46620370370370373 0.011979166666666667 0.019444444444444445
2 0.6041666666666666 0.37962962962962965 0.007291666666666667 0.016666666666666666
0 0.3729166666666667 0.3384259259259259 0.01875 0.04351851851851852
0 0.3841145833333333 0.2912037037037037 0.011979166666666667 0.026851851851851852
0 0.41848958333333336 0.27870370370370373 0.0078125 0.016666666666666666
0 0.28463541666666664 0.21805555555555556 0.009895833333333333 0.017592592592592594
0 0.4973958333333333 0.3347222222222222 0.010416666666666666 0.023148148148148147
0 0.34088541666666666 0.24768518518518517 0.0067708333333333336 0.019444444444444445
0 0.5947916666666667 0.4486111111111111 0.020833333333333332 0.04351851851851852
