1 0.9380208333333333 0.40370370370370373 0.010416666666666666 0.020370370370370372
1 0.8872395833333333 0.4101851851851852 0.013020833333333334 0.024074074074074074
1 0.5841145833333333 0.38333333333333336 0.0067708333333333336 0.022222222222222223
1 0.7622395833333333 0.39166666666666666 0.009895833333333333 0.022222222222222223
1 0.82734375 0.38333333333333336 0.009895833333333333 0.018518518518518517
1 0.8940104166666667 0.38842592592592595 0.008854166666666666 0.013888888888888888
2 0.6729166666666667 0.6643518518518519 0.06145833333333333 0.12314814814814815
2 0.6734375 0.4263888888888889 0.019791666666666666 0.03611111111111111
2 0.4703125 0.38101851851851853 0.007291666666666667 0.021296296296296296
2 0.8953125 0.4550925925925926 0.020833333333333332 0.03981481481481482
2 0.3328125 0.449537037037037 0.019791666666666666 0.041666666666666664
1 0.5828125 0.3675925925925926 0.004166666666666667 0.014814814814814815
