1 0.44036458333333334 0.2828703703703704 0.011979166666666667 0.025
1 0.14973958333333334 0.5254629629629629 0.011979166666666667 0.021296296296296296
0 0.6841145833333333 0.45231481481481484 0.07447916666666667 0.13425925925925927
0 0.3567708333333333 0.4023148148148148 0.021875 0.03796296296296296
0 0.5434895833333333 0.23935185185185184 0.0109375 0.021296296296296296
0 0.4510416666666667 0.2912037037037037 0.013541666666666667 0.028703703703703703
0 0.5223958333333333 0.2967592592592593 0.017708333333333333 0.03425925925925926
0 0.5791666666666667 0.20185185185185187 0.007291666666666667 0.018518518518518517
0 0.46041666666666664 0.3037037037037037 0.016666666666666666 0.025925925925925925
0 0.12395833333333334 0.8680555555555556 0.071875 0.09907407407407408
2 0.34661458333333334 0.3416666666666667 0.0067708333333333336 0.016666666666666666
