1 0.075 0.5305555555555556 0.015625 0.027777777777777776
1 0.1859375 0.43148148148148147 0.011458333333333333 0.025925925925925925
2 0.30833333333333335 0.3402777777777778 0.010416666666666666 0.026851851851851852
0 0.7609375 0.6347222222222222 0.11770833333333333 0.1935185185185185
0 0.5252604166666667 0.25787037037037036 0.009895833333333333 0.023148148148148147
0 0.3059895833333333 0.42083333333333334 0.0265625 0.04722222222222222
0 0.50234375 0.324537037037037 0.0203125 0.04722222222222222
0 0.42291666666666666 0.30092592592592593 0.0125 0.020370370370370372
0 0.6221354166666667 0.18796296296296297 0.005729166666666666 0.018518518518518517
0 0.5622395833333333 0.22037037037037038 0.008854166666666666 0.020370370370370372
0 0.6822916666666666 0.1685185185185185 0.005208333333333333 0.014814814814814815
2 0.12473958333333333 0.4699074074074074 0.0109375 0.01574074074074074
