1 0.6197916666666666 0.38101851851851853 0.010416666666666666 0.021296296296296296
2 0.7604166666666666 0.4689814814814815 0.014583333333333334 0.032407407407407406
0 0.3723958333333333 0.36574074074074076 0.021875 0.04814814814814815
0 0.5809895833333333 0.42916666666666664 0.0234375 0.04722222222222222
0 0.4747395833333333 0.3300925925925926 0.013020833333333334 0.026851851851851852
0 0.8171875 0.48564814814814816 0.014583333333333334 0.030555555555555555
0 0.3184895833333333 0.26851851851851855 0.009895833333333333 0.020370370370370372
0 0.3653645833333333 0.3013888888888889 0.008854166666666666 0.025
0 0.9786458333333333 0.5893518518518519 0.016666666666666666 0.030555555555555555
0 0.033854166666666664 0.6851851851851852 0.06666666666666667 0.17592592592592593
0 0.403125 0.2884259259259259 0.00625 0.017592592592592594
