1 0.3140625 0.2585648148148148 0.013020833333333334 0.029166666666666667
1 0.15052083333333333 0.27314814814814814 0.011979166666666667 0.025925925925925925
1 0.469921875 0.2747685185185185 0.01640625 0.034722222222222224
1 0.7510416666666667 0.39351851851851855 0.033854166666666664 0.06574074074074074
2 0.812890625 0.2800925925925926 0.015364583333333333 0.02962962962962963
2 0.63671875 0.23842592592592593 0.013020833333333334 0.025
0 0.276171875 0.5206018518518518 0.04244791666666667 0.09953703703703703
0 0.23802083333333332 0.34629629629629627 0.021354166666666667 0.05
0 0.13971354166666666 0.32037037037037036 0.020052083333333335 0.03981481481481482
0 0.028645833333333332 0.3435185185185185 0.013020833333333334 0.02962962962962963
1 0.026692708333333332 0.31319444444444444 0.009114583333333334 0.01990740740740741
2 0.4641927083333333 0.22291666666666668 0.008072916666666667 0.01898148148148148
