1 0.09973958333333334 0.48703703703703705 0.0234375 0.04259259259259259
1 0.9765625 0.41944444444444445 0.010416666666666666 0.024074074074074074
1 0.7515625 0.3990740740740741 0.007291666666666667 0.020370370370370372
1 0.62734375 0.3925925925925926 0.008854166666666666 0.018518518518518517
1 0.9372395833333333 0.40694444444444444 0.009895833333333333 0.028703703703703703
1 0.6908854166666667 0.40046296296296297 0.0067708333333333336 0.019444444444444445
2 0.6671875 0.5560185185185185 0.041666666666666664 0.07685185185185185
2 0.31666666666666665 0.5597222222222222 0.03958333333333333 0.08055555555555556
2 0.4666666666666667 0.43194444444444446 0.014583333333333334 0.030555555555555555
2 0.36223958333333334 0.4064814814814815 0.0140625 0.025925925925925925
2 0.6346354166666667 0.41435185185185186 0.008854166666666666 0.025
2 0.5361979166666667 0.4023148148148148 0.009895833333333333 0.021296296296296296
2 0.6104166666666667 0.44212962962962965 0.015625 0.030555555555555555
