1 0.175 0.7907407407407407 0.046875 0.13148148148148148
2 0.4895833333333333 0.3578703703703704 0.009375 0.026851851851851852
2 0.54609375 0.3976851851851852 0.0234375 0.04351851851851852
0 0.20104166666666667 0.5972222222222222 0.042708333333333334 0.07407407407407407
0 0.8046875 0.32592592592592595 0.011458333333333333 0.025925925925925925
0 0.9104166666666667 0.3162037037037037 0.008333333333333333 0.019444444444444445
0 0.7015625 0.30648148148148147 0.007291666666666667 0.020370370370370372
0 0.3341145833333333 0.3851851851851852 0.0067708333333333336 0.020370370370370372
0 0.31223958333333335 0.43472222222222223 0.0171875 0.030555555555555555
1 0.47994791666666664 0.3449074074074074 0.0067708333333333336 0.017592592592592594
0 0.80859375 0.3 0.0078125 0.018518518518518517
