1 0.2557291666666667 0.4287037037037037 0.0125 0.02962962962962963
1 0.18151041666666667 0.4773148148148148 0.011979166666666667 0.019444444444444445
1 0.6966145833333334 0.16898148148148148 0.0109375 0.026851851851851852
1 0.7549479166666667 0.15555555555555556 0.013020833333333334 0.020370370370370372
2 0.09557291666666666 0.5685185185185185 0.018229166666666668 0.02962962962962963
0 0.5559895833333334 0.35462962962962963 0.03177083333333333 0.06111111111111111
0 0.3140625 0.48518518518518516 0.028125 0.05555555555555555
0 0.5317708333333333 0.2833333333333333 0.015625 0.03148148148148148
0 0.41640625 0.3449074074074074 0.013020833333333334 0.026851851851851852
0 0.4934895833333333 0.2773148148148148 0.015104166666666667 0.026851851851851852
0 0.5716145833333334 0.24259259259259258 0.009895833333333333 0.020370370370370372
0 0.6184895833333334 0.2101851851851852 0.0067708333333333336 0.014814814814814815
