1 0.6674479166666667 0.2564814814814815 0.009375 0.023148148148148147
1 0.5962239583333333 0.23680555555555555 0.011197916666666667 0.022685185185185187
1 0.7828125 0.2800925925925926 0.0140625 0.02962962962962963
1 0.9015625 0.3087962962962963 0.0140625 0.03148148148148148
1 0.26484375 0.3127314814814815 0.01875 0.03564814814814815
1 0.4236979166666667 0.2831018518518518 0.016145833333333335 0.033796296296296297
1 0.9763020833333333 0.32037037037037036 0.010416666666666666 0.026851851851851852
1 0.016276041666666668 0.3664351851851852 0.015885416666666666 0.03657407407407407
2 0.70859375 0.4337962962962963 0.034375 0.07314814814814814
2 0.31744791666666666 0.42824074074074076 0.03697916666666667 0.07685185185185185
0 0.27057291666666666 0.26319444444444445 0.0125 0.02824074074074074
0 0.16302083333333334 0.2810185185185185 0.0125 0.025
0 0.81484375 0.33541666666666664 0.021354166666666667 0.04398148148148148
0 0.6104166666666667 0.2877314814814815 0.015625 0.0375
0 0.06627604166666666 0.29976851851851855 0.01171875 0.01990740740740741
0 0.06419270833333333 0.27569444444444446 0.008072916666666667 0.018055555555555554
0 0.469921875 0.2224537037037037 0.00859375 0.018055555555555554
0 0.040625 0.2935185185185185 0.0067708333333333336 0.017592592592592594
0 0.448046875 0.2310185185185185 0.00859375 0.020370370370370372
0 0.38372395833333334 0.24305555555555555 0.014322916666666666 0.03333333333333333
