1 0.43411458333333336 0.2759259259259259 0.013020833333333334 0.025925925925925925
1 0.5354166666666667 0.2310185185185185 0.011458333333333333 0.025
1 0.2421875 0.39444444444444443 0.0125 0.027777777777777776
1 0.15989583333333332 0.42592592592592593 0.010416666666666666 0.018518518518518517
1 0.49661458333333336 0.22824074074074074 0.009895833333333333 0.021296296296296296
1 0.7317708333333334 0.13240740740740742 0.017708333333333333 0.022222222222222223
1 0.8091145833333333 0.11851851851851852 0.015104166666666667 0.020370370370370372
2 0.08359375 0.5060185185185185 0.016145833333333335 0.028703703703703703
2 0.5286458333333334 0.2962962962962963 0.017708333333333333 0.05185185185185185
2 0.28854166666666664 0.43333333333333335 0.029166666666666667 0.05740740740740741
2 0.9591145833333333 0.6592592592592592 0.08177083333333333 0.20555555555555555
