1 0.42161458333333335 0.300462962962963 0.008854166666666666 0.021296296296296296
1 0.4471354166666667 0.4203703703703704 0.033854166666666664 0.05185185185185185
1 0.7203125 0.2689814814814815 0.013541666666666667 0.021296296296296296
1 0.5140625 0.2953703703703704 0.00625 0.018518518518518517
2 0.4739583333333333 0.40925925925925927 0.023958333333333335 0.05555555555555555
0 0.8609375 0.375 0.030208333333333334 0.05
0 0.9747395833333333 0.44907407407407407 0.044270833333333336 0.07222222222222222
0 0.8098958333333334 0.325 0.017708333333333333 0.03148148148148148
0 0.9408854166666667 0.32037037037037036 0.013020833333333334 0.020370370370370372
0 0.99375 0.3537037037037037 0.0125 0.037037037037037035
0 0.81171875 0.29814814814814816 0.008854166666666666 0.018518518518518517
0 0.8502604166666666 0.2884259259259259 0.0067708333333333336 0.019444444444444445
