1 0.28854166666666664 0.4689814814814815 0.057291666666666664 0.09907407407407408
1 0.7174479166666666 0.6435185185185185 0.04114583333333333 0.08333333333333333
1 0.3796875 0.35555555555555557 0.01875 0.040740740740740744
1 0.5591145833333333 0.41805555555555557 0.015104166666666667 0.03611111111111111
2 0.7203125 0.46574074074074073 0.009375 0.020370370370370372
2 0.8390625 0.5851851851851851 0.020833333333333332 0.04259259259259259
0 0.22161458333333334 0.2351851851851852 0.016145833333333335 0.018518518518518517
0 0.44479166666666664 0.32407407407407407 0.008333333333333333 0.020370370370370372
0 0.34479166666666666 0.29305555555555557 0.008333333333333333 0.019444444444444445
0 0.9947916666666666 0.6541666666666667 0.008333333333333333 0.028703703703703703
