1 0.776171875 0.3837962962962963 0.027864583333333335 0.05462962962962963
1 0.8268229166666666 0.7030092592592593 0.053125 0.1476851851851852
1 0.835546875 0.33819444444444446 0.020052083333333335 0.0412037037037037
2 0.06549479166666666 0.27523148148148147 0.008072916666666667 0.01898148148148148
2 0.23294270833333333 0.22893518518518519 0.01171875 0.027314814814814816
2 0.40924479166666666 0.21666666666666667 0.009114583333333334 0.018518518518518517
0 0.17786458333333333 0.21898148148148147 0.021875 0.03148148148148148
2 0.5569010416666667 0.21550925925925926 0.00859375 0.016203703703703703
0 0.13658854166666667 0.5016203703703703 0.04505208333333333 0.09305555555555556
0 0.7811197916666667 0.27337962962962964 0.014322916666666666 0.027314814814814816
0 0.6493489583333333 0.26851851851851855 0.013802083333333333 0.02962962962962963
0 0.4979166666666667 0.29398148148148145 0.0171875 0.03888888888888889
2 0.23294270833333333 0.22893518518518519 0.01171875 0.027314814814814816
0 0.17786458333333333 0.21898148148148147 0.021875 0.03148148148148148
0 0.13658854166666667 0.5016203703703703 0.04505208333333333 0.09305555555555556
0 0.7811197916666667 0.27337962962962964 0.014322916666666666 0.027314814814814816
1 0.9154947916666667 0.3416666666666667 0.014322916666666666 0.03148148148148148
0 0.9130208333333333 0.30277777777777776 0.010416666666666666 0.023148148148148147
