1 0.86875 0.5733695652173914 0.0375 0.09239130434782608
1 0.77734375 0.5230978260869565 0.0359375 0.08423913043478261
1 0.65234375 0.4470108695652174 0.0203125 0.051630434782608696
1 0.7125 0.47690217391304346 0.028125 0.0625
1 0.6125 0.42527173913043476 0.01875 0.057065217391304345
1 0.5734375 0.40217391304347827 0.01875 0.04891304347826087
0 0.065625 0.78125 0.0625 0.14945652173913043
1 0.98671875 0.6426630434782609 0.0265625 0.10054347826086957
0 0.05859375 0.9375 0.0484375 0.11956521739130435
0 0.09375 0.6616847826086957 0.046875 0.11141304347826086
0 0.1046875 0.5815217391304348 0.034375 0.09239130434782608
0 0.115625 0.5244565217391305 0.025 0.08695652173913043
