1 0.3341145833333333 0.3375 0.013020833333333334 0.030555555555555555
2 0.20989583333333334 0.43333333333333335 0.014583333333333334 0.025925925925925925
2 0.42213541666666665 0.2791666666666667 0.0067708333333333336 0.019444444444444445
0 0.7466145833333333 0.47685185185185186 0.0859375 0.14629629629629629
0 0.46848958333333335 0.2796296296296296 0.008854166666666666 0.020370370370370372
0 0.5635416666666667 0.2865740740740741 0.020833333333333332 0.04351851851851852
0 0.3875 0.36435185185185187 0.021875 0.04351851851851852
0 0.56796875 0.23703703703703705 0.015104166666666667 0.027777777777777776
0 0.6666666666666666 0.175 0.007291666666666667 0.016666666666666666
0 0.6135416666666667 0.20092592592592592 0.007291666666666667 0.018518518518518517
