1 0.5829427083333333 0.23680555555555555 0.00859375 0.02361111111111111
1 0.6673177083333334 0.24212962962962964 0.011197916666666667 0.022222222222222223
1 0.3365885416666667 0.22291666666666668 0.007552083333333333 0.01712962962962963
1 0.9225260416666666 0.2863425925925926 0.009635416666666667 0.022685185185185187
0 0.4329427083333333 0.21180555555555555 0.008072916666666667 0.01712962962962963
2 0.271875 0.37569444444444444 0.0296875 0.06435185185185185
2 0.40677083333333336 0.36412037037037037 0.030729166666666665 0.05694444444444444
2 0.632421875 0.26666666666666666 0.014322916666666666 0.03148148148148148
2 0.213671875 0.33310185185185187 0.01796875 0.050462962962962966
2 0.8466145833333333 0.4127314814814815 0.028645833333333332 0.06527777777777778
0 0.9111979166666667 0.3060185185185185 0.015625 0.026851851851851852
0 0.7891927083333333 0.26273148148148145 0.010677083333333334 0.029166666666666667
0 0.8729166666666667 0.42476851851851855 0.0359375 0.05694444444444444
0 0.5455729166666666 0.33958333333333335 0.021354166666666667 0.03564814814814815
1 0.3125 0.21319444444444444 0.00625 0.016203703703703703
1 0.444140625 0.2300925925925926 0.009114583333333334 0.020370370370370372
0 0.6342447916666667 0.2224537037037037 0.008072916666666667 0.016203703703703703
2 0.557421875 0.32708333333333334 0.013802083333333333 0.04490740740740741
