1 0.36171875 0.25555555555555554 0.0125 0.026851851851851852
1 0.17799479166666668 0.2789351851851852 0.011197916666666667 0.02361111111111111
1 0.8329427083333333 0.26666666666666666 0.010677083333333334 0.021296296296296296
1 0.028776041666666665 0.2881944444444444 0.007552083333333333 0.01990740740740741
1 0.59609375 0.22152777777777777 0.00625 0.015277777777777777
1 0.651171875 0.23425925925925925 0.011197916666666667 0.025925925925925925
1 0.04674479166666667 0.2988425925925926 0.00859375 0.02361111111111111
1 0.46627604166666664 0.24259259259259258 0.01015625 0.023148148148148147
2 0.7885416666666667 0.5594907407407408 0.0484375 0.10416666666666667
2 0.2779947916666667 0.4824074074074074 0.03515625 0.10277777777777777
2 0.6317708333333333 0.3023148148148148 0.017708333333333333 0.03796296296296296
2 0.42356770833333335 0.2935185185185185 0.017447916666666667 0.03888888888888889
0 0.9234375 0.31666666666666665 0.013541666666666667 0.026851851851851852
0 0.25729166666666664 0.5141203703703704 0.046875 0.09212962962962963
0 0.26614583333333336 0.49444444444444446 0.04739583333333333 0.12777777777777777
0 0.2635416666666667 0.24166666666666667 0.009375 0.019444444444444445
0 0.347265625 0.2310185185185185 0.007552083333333333 0.021296296296296296
0 0.42734375 0.22337962962962962 0.0067708333333333336 0.01990740740740741
0 0.17747395833333332 0.2502314814814815 0.010677083333333334 0.01898148148148148
0 0.141796875 0.24930555555555556 0.00703125 0.01712962962962963
0 0.4778645833333333 0.21458333333333332 0.0067708333333333336 0.014351851851851852
0 0.5975260416666667 0.24675925925925926 0.01171875 0.024074074074074074
0 0.8291666666666667 0.5604166666666667 0.052083333333333336 0.08009259259259259
