2 0.8674479166666667 0.4532407407407407 0.03802083333333333 0.07592592592592592
2 0.35598958333333336 0.4395833333333333 0.033854166666666664 0.08101851851851852
2 0.8243489583333333 0.3525462962962963 0.023697916666666666 0.04490740740740741
2 0.6268229166666667 0.2569444444444444 0.0140625 0.025
2 0.916796875 0.30162037037037037 0.011197916666666667 0.024537037037037038
2 0.5700520833333333 0.25324074074074077 0.0140625 0.025925925925925925
2 0.8005208333333333 0.26180555555555557 0.011979166666666667 0.022685185185185187
2 0.8342447916666667 0.3122685185185185 0.016927083333333332 0.03194444444444444
0 0.69921875 0.2655092592592593 0.010416666666666666 0.018055555555555554
0 0.959375 0.29976851851851855 0.00625 0.020833333333333332
2 0.709765625 0.2652777777777778 0.007552083333333333 0.023148148148148147
1 0.7880208333333333 0.24513888888888888 0.0067708333333333336 0.015277777777777777
0 0.8473958333333333 0.32222222222222224 0.01875 0.024074074074074074
1 0.8623697916666667 0.2622685185185185 0.007552083333333333 0.016203703703703703
