1 0.01328125 0.6189814814814815 0.015104166666666667 0.04351851851851852
1 0.08828125 0.6287037037037037 0.011979166666666667 0.037037037037037035
1 0.2109375 0.6537037037037037 0.017708333333333333 0.044444444444444446
1 0.22864583333333333 0.6953703703703704 0.040625 0.10185185185185185
1 0.15260416666666668 0.6388888888888888 0.011458333333333333 0.02962962962962963
1 0.6484375 0.6375 0.013541666666666667 0.032407407407407406
1 0.58359375 0.6273148148148148 0.009895833333333333 0.03425925925925926
1 0.5106770833333333 0.6171296296296296 0.011979166666666667 0.028703703703703703
1 0.7044270833333334 0.6569444444444444 0.0171875 0.05092592592592592
1 0.70859375 0.6962962962962963 0.04010416666666667 0.0962962962962963
