0 0.68175 0.6825 0.092 0.14633333333333334
0 0.799875 0.5088333333333334 0.05075 0.087
0 0.866375 0.4045 0.02725 0.04833333333333333
1 0.138875 0.47333333333333333 0.05475 0.08066666666666666
1 0.38975 0.407 0.033 0.05466666666666667
1 0.547 0.36433333333333334 0.025 0.03933333333333333
1 0.623125 0.33916666666666667 0.01725 0.029666666666666668
1 0.6795 0.326 0.0165 0.026
1 0.72325 0.316 0.0135 0.023333333333333334
2 0.752625 0.30566666666666664 0.01175 0.018666666666666668
2 0.93025 0.31533333333333335 0.0085 0.022
0 0.921875 0.3248333333333333 0.01475 0.026333333333333334
0 0.906625 0.3403333333333333 0.01975 0.03
0 0.902125 0.36533333333333334 0.02175 0.03866666666666667
