0 0.704375 0.8701666666666666 0.11125 0.12366666666666666
0 0.91675 0.5668333333333333 0.054 0.055
0 0.88725 0.4658333333333333 0.029 0.029
0 0.904625 0.42816666666666664 0.02175 0.018333333333333333
0 0.735 0.42183333333333334 0.0145 0.018333333333333333
0 0.6765 0.455 0.025 0.02266666666666667
0 0.514 0.5195 0.0355 0.035666666666666666
1 0.756375 0.4055 0.01525 0.02033333333333333
1 0.78125 0.39916666666666667 0.012 0.011666666666666667
1 0.881375 0.4081666666666667 0.01375 0.015
1 0.89625 0.3955 0.016 0.015
2 0.0845 0.7093333333333334 0.0635 0.07533333333333334
