1 0.16612413194444445 0.5455729166666666 0.0661892361111111 0.0998263888888889
1 0.2751736111111111 0.4759837962962963 0.04991319444444445 0.07349537037037036
1 0.3666449652777778 0.42983217592592593 0.034505208333333336 0.06105324074074074
1 0.4388020833333333 0.3953993055555556 0.029947916666666668 0.04832175925925926
1 0.4646267361111111 0.3726851851851852 0.021701388888888888 0.04050925925925926
1 0.4968532986111111 0.35908564814814814 0.019314236111111112 0.03530092592592592
1 0.5261501736111112 0.35083912037037035 0.017144097222222224 0.03153935185185185
2 0.5364583333333334 0.3386863425925926 0.015190972222222222 0.027488425925925927
2 0.7438151041666666 0.33564814814814814 0.015842013888888888 0.027199074074074073
2 0.047309027777777776 0.6397569444444444 0.08203125 0.13831018518518517
0 0.9572482638888888 0.5701678240740741 0.07465277777777778 0.1189236111111111
0 0.8648003472222222 0.4827835648148148 0.052083333333333336 0.08362268518518519
0 0.8274739583333334 0.4392361111111111 0.043402777777777776 0.06539351851851852
0 0.7903645833333334 0.3953993055555556 0.02734375 0.04832175925925926
0 0.7782118055555556 0.37181712962962965 0.017795138888888888 0.03877314814814815
0 0.7593315972222222 0.3566261574074074 0.013020833333333334 0.03153935185185185
0 0.7524956597222222 0.3414351851851852 0.009765625 0.028356481481481483
