1 0.109765625 0.7048611111111112 0.021875 0.10138888888888889
0 0.3708984375 0.6881944444444444 0.022265625 0.09305555555555556
1 0.1658203125 0.5388888888888889 0.008984375 0.041666666666666664
0 0.28359375 0.5381944444444444 0.009375 0.04027777777777778
1 0.1841796875 0.49444444444444446 0.005859375 0.025
1 0.257421875 0.49375 0.00546875 0.02361111111111111
1 0.245703125 0.47430555555555554 0.0046875 0.018055555555555554
1 0.19296875 0.4736111111111111 0.0046875 0.019444444444444445
2 0.2390625 0.4625 0.00390625 0.016666666666666666
0 0.196875 0.4618055555555556 0.00390625 0.015277777777777777
2 0.2345703125 0.45416666666666666 0.003515625 0.013888888888888888
0 0.8611328125 0.7506944444444444 0.023046875 0.09305555555555556
0 0.7794921875 0.5979166666666667 0.009765625 0.04027777777777778
1 0.6005859375 0.7618055555555555 0.023046875 0.09861111111111111
1 0.66171875 0.5986111111111111 0.00859375 0.03888888888888889
1 0.68203125 0.5555555555555556 0.00546875 0.025
1 0.7544921875 0.5548611111111111 0.005078125 0.02361111111111111
1 0.7439453125 0.5340277777777778 0.004296875 0.018055555555555554
1 0.691796875 0.5326388888888889 0.00390625 0.018055555555555554
2 0.7376953125 0.5229166666666667 0.004296875 0.018055555555555554
0 0.6958984375 0.5201388888888889 0.003515625 0.015277777777777777
2 0.7337890625 0.5159722222222223 0.002734375 0.015277777777777777
0 0.6998046875 0.5131944444444444 0.002734375 0.015277777777777777
