1 0.35130208333333335 0.6689814814814815 0.0328125 0.09537037037037037
1 0.80390625 0.6300925925925925 0.015104166666666667 0.028703703703703703
1 0.7515625 0.612037037037037 0.013541666666666667 0.03148148148148148
1 0.8380208333333333 0.6787037037037037 0.040625 0.07592592592592592
1 0.309375 0.6277777777777778 0.013541666666666667 0.027777777777777776
1 0.25755208333333335 0.611574074074074 0.009895833333333333 0.025
1 0.7020833333333333 0.5972222222222222 0.008333333333333333 0.020370370370370372
1 0.63125 0.5791666666666667 0.011458333333333333 0.032407407407407406
1 0.5677083333333334 0.5638888888888889 0.009375 0.025925925925925925
1 0.13411458333333334 0.5787037037037037 0.008854166666666666 0.024074074074074074
1 0.20572916666666666 0.5976851851851852 0.011458333333333333 0.023148148148148147
1 0.06979166666666667 0.5611111111111111 0.00625 0.027777777777777776
