1 0.6943359375 0.5243055555555556 0.024609375 0.07916666666666666
1 0.6515625 0.48194444444444445 0.01640625 0.058333333333333334
1 0.2 0.5291666666666667 0.02109375 0.10555555555555556
1 0.1578125 0.4840277777777778 0.01875 0.0625
2 0.7548828125 0.5368055555555555 0.020703125 0.07361111111111111
2 0.26015625 0.5395833333333333 0.02109375 0.09027777777777778
0 0.8044921875 0.5409722222222222 0.019921875 0.0875
0 0.5306640625 0.7680555555555556 0.061328125 0.45555555555555555
0 0.3119140625 0.5368055555555555 0.016015625 0.07361111111111111
0 0.041796875 0.76875 0.08203125 0.4625
0 0.65859375 0.44583333333333336 0.01796875 0.10833333333333334
0 0.163671875 0.4444444444444444 0.01875 0.13055555555555556
