1 0.2552083333333333 0.6324074074074074 0.029166666666666667 0.07037037037037037
1 0.284375 0.6050925925925926 0.016666666666666666 0.04351851851851852
1 0.7203125 0.5972222222222222 0.013541666666666667 0.027777777777777776
1 0.6638020833333333 0.5986111111111111 0.0109375 0.030555555555555555
1 0.5421875 0.6037037037037037 0.013541666666666667 0.03518518518518519
1 0.7424479166666667 0.6356481481481482 0.03177083333333333 0.06574074074074074
1 0.753125 0.600462962962963 0.010416666666666666 0.030555555555555555
1 0.7770833333333333 0.6087962962962963 0.019791666666666666 0.04351851851851852
1 0.22265625 0.6013888888888889 0.0109375 0.030555555555555555
1 0.16640625 0.600925925925926 0.008854166666666666 0.024074074074074074
1 0.04505208333333333 0.6064814814814815 0.009895833333333333 0.027777777777777776
