0 0.201171875 0.45902777777777776 0.003125 0.0125
1 0.19765625 0.46944444444444444 0.00390625 0.016666666666666666
0 0.1888671875 0.4875 0.005078125 0.022222222222222223
0 0.24453125 0.4708333333333333 0.0046875 0.019444444444444445
0 0.25390625 0.4861111111111111 0.00546875 0.025
0 0.1720703125 0.5208333333333334 0.008203125 0.03611111111111111
2 0.273046875 0.5194444444444445 0.0078125 0.03611111111111111
2 0.33046875 0.6284722222222222 0.01796875 0.07083333333333333
0 0.122265625 0.625 0.0171875 0.075
2 0.751171875 0.5465277777777777 0.00546875 0.02361111111111111
0 0.742578125 0.5298611111111111 0.00390625 0.018055555555555554
1 0.69609375 0.5298611111111111 0.00390625 0.018055555555555554
0 0.68671875 0.5465277777777777 0.00546875 0.02638888888888889
0 0.6689453125 0.58125 0.008203125 0.0375
2 0.76875 0.5798611111111112 0.0078125 0.0375
2 0.8234375 0.6902777777777778 0.0171875 0.075
0 0.615625 0.6840277777777778 0.01796875 0.0763888888888889
