1 0.2375 0.48680555555555555 0.0046875 0.020833333333333332
0 0.25390625 0.5194444444444445 0.0078125 0.03333333333333333
0 0.1744140625 0.48541666666666666 0.005078125 0.020833333333333332
0 0.1552734375 0.4826388888888889 0.005859375 0.020833333333333332
1 0.1599609375 0.5173611111111112 0.007421875 0.034722222222222224
0 0.10390625 0.6243055555555556 0.0171875 0.07361111111111111
2 0.3046875 0.6152777777777778 0.015625 0.06666666666666667
0 0.59765625 0.6805555555555556 0.0171875 0.075
2 0.796875 0.6743055555555556 0.01640625 0.06527777777777778
0 0.75 0.5770833333333333 0.0078125 0.03194444444444444
1 0.73515625 0.5451388888888888 0.00546875 0.020833333333333332
0 0.6720703125 0.54375 0.005078125 0.020833333333333332
0 0.6533203125 0.5402777777777777 0.005859375 0.022222222222222223
1 0.6568359375 0.575 0.007421875 0.03333333333333333
