1 0.1099609375 0.7048611111111112 0.021484375 0.10138888888888889
0 0.3703125 0.6895833333333333 0.021875 0.09027777777777778
1 0.1658203125 0.5381944444444444 0.008203125 0.04027777777777778
0 0.2833984375 0.5375 0.009765625 0.03888888888888889
1 0.1841796875 0.49444444444444446 0.005078125 0.025
1 0.2568359375 0.4930555555555556 0.005859375 0.025
1 0.1931640625 0.47291666666666665 0.003515625 0.018055555555555554
1 0.2455078125 0.4736111111111111 0.004296875 0.019444444444444445
2 0.2388671875 0.46111111111111114 0.004296875 0.016666666666666666
1 0.6619140625 0.5972222222222222 0.008984375 0.041666666666666664
0 0.779296875 0.5972222222222222 0.009375 0.03888888888888889
1 0.6005859375 0.7604166666666666 0.022265625 0.09583333333333334
0 0.8615234375 0.7486111111111111 0.022265625 0.09166666666666666
1 0.68203125 0.5541666666666667 0.0046875 0.025
1 0.7546875 0.5548611111111111 0.00546875 0.02361111111111111
1 0.7435546875 0.5347222222222222 0.003515625 0.016666666666666666
1 0.69140625 0.5326388888888889 0.00390625 0.018055555555555554
2 0.7375 0.5229166666666667 0.00390625 0.018055555555555554
0 0.695703125 0.5208333333333334 0.003125 0.016666666666666666
2 0.73359375 0.5152777777777777 0.00234375 0.013888888888888888
2 0.7306640625 0.5104166666666666 0.001953125 0.0125
2 0.7283203125 0.5069444444444444 0.001953125 0.011111111111111112
0 0.699609375 0.5125 0.00234375 0.013888888888888888
