1 0.76796875 0.5701388888888889 0.028125 0.11527777777777778
1 0.79296875 0.53125 0.01171875 0.059722222222222225
1 0.279296875 0.5104166666666666 0.02890625 0.12083333333333333
1 0.2978515625 0.47152777777777777 0.013671875 0.09305555555555556
1 0.623046875 0.48819444444444443 0.01015625 0.04861111111111111
1 0.123828125 0.4326388888888889 0.01171875 0.05694444444444444
0 0.06015625 0.4777777777777778 0.0203125 0.1
0 0.16328125 0.4583333333333333 0.01640625 0.06666666666666667
0 0.55703125 0.5381944444444444 0.02578125 0.0875
0 0.6572265625 0.5208333333333334 0.013671875 0.06944444444444445
0 0.7001953125 0.5229166666666667 0.016015625 0.05694444444444444
0 0.727734375 0.5069444444444444 0.01171875 0.06111111111111111
0 0.2044921875 0.4576388888888889 0.013671875 0.05138888888888889
0 0.23046875 0.45416666666666666 0.009375 0.044444444444444446
