1 0.7052083333333333 0.5361111111111111 0.010416666666666666 0.03148148148148148
1 0.6145833333333334 0.5171296296296296 0.011458333333333333 0.03425925925925926
1 0.8794270833333333 0.575462962962963 0.011979166666666667 0.028703703703703703
1 0.8028645833333333 0.5541666666666667 0.009895833333333333 0.030555555555555555
1 0.38255208333333335 0.5731481481481482 0.009895833333333333 0.03333333333333333
1 0.30572916666666666 0.5564814814814815 0.009375 0.03148148148148148
1 0.20911458333333333 0.5351851851851852 0.0140625 0.027777777777777776
1 0.11640625 0.5143518518518518 0.013020833333333334 0.032407407407407406
2 0.24479166666666666 0.5777777777777777 0.0375 0.07962962962962963
2 0.73203125 0.575462962962963 0.025520833333333333 0.075
