1 0.254375 0.768 0.08225 0.14066666666666666
3 0.049 0.5305 0.043 0.11433333333333333
3 0.089625 0.5241666666666667 0.03725 0.10433333333333333
2 0.369875 0.5051666666666667 0.01725 0.025
2 0.5695 0.498 0.017 0.023333333333333334
1 0.391 0.5478333333333333 0.029 0.031
0 0.545 0.5888333333333333 0.039 0.059
0 0.646125 0.5198333333333334 0.02175 0.033
0 0.651375 0.5561666666666667 0.03625 0.03233333333333333
3 0.80525 0.49316666666666664 0.026 0.067
2 0.956125 0.5431666666666667 0.03425 0.030333333333333334
