1 0.5416015625 0.5972222222222222 0.044140625 0.1638888888888889
1 0.63125 0.5493055555555556 0.02265625 0.08472222222222223
1 0.6572265625 0.5305555555555556 0.015234375 0.06111111111111111
1 0.0546875 0.5347222222222222 0.04296875 0.17222222222222222
1 0.1400390625 0.49027777777777776 0.018359375 0.08888888888888889
1 0.162890625 0.46944444444444444 0.01171875 0.06944444444444445
1 0.17265625 0.4701388888888889 0.0125 0.059722222222222225
1 0.66953125 0.5222222222222223 0.0125 0.06111111111111111
0 0.919140625 0.5979166666666667 0.05390625 0.1875
0 0.826953125 0.5465277777777777 0.021875 0.09027777777777778
0 0.79765625 0.5305555555555556 0.01640625 0.07777777777777778
0 0.434375 0.5409722222222222 0.03828125 0.1597222222222222
0 0.333203125 0.4909722222222222 0.025 0.08472222222222223
0 0.3033203125 0.46805555555555556 0.016015625 0.07222222222222222
0 0.7859375 0.5215277777777778 0.0109375 0.059722222222222225
0 0.28984375 0.4576388888888889 0.009375 0.05138888888888889
1 0.687109375 0.5159722222222223 0.009375 0.05416666666666667
1 0.188671875 0.45694444444444443 0.009375 0.05
