1 0.653125 0.6236111111111111 0.04375 0.09537037037037037
1 0.8864583333333333 0.6375 0.020833333333333332 0.05277777777777778
1 0.9026041666666667 0.6208333333333333 0.015625 0.049074074074074076
1 0.8252604166666667 0.6 0.016145833333333335 0.027777777777777776
1 0.8640625 0.6097222222222223 0.015625 0.03425925925925926
1 0.17005208333333333 0.625462962962963 0.050520833333333334 0.08055555555555556
1 0.3703125 0.6074074074074074 0.01875 0.03518518518518519
1 0.4 0.6356481481481482 0.03229166666666667 0.06388888888888888
1 0.32838541666666665 0.5990740740740741 0.0140625 0.020370370370370372
1 0.15625 0.5638888888888889 0.011458333333333333 0.018518518518518517
1 0.025 0.5421296296296296 0.007291666666666667 0.019444444444444445
1 0.09244791666666667 0.5523148148148148 0.008854166666666666 0.021296296296296296
1 0.21145833333333333 0.575462962962963 0.011458333333333333 0.019444444444444445
1 0.26588541666666665 0.5847222222222223 0.0078125 0.023148148148148147
1 0.709375 0.5740740740740741 0.008333333333333333 0.022222222222222223
1 0.5236979166666667 0.5407407407407407 0.009895833333333333 0.024074074074074074
1 0.5903645833333333 0.5513888888888889 0.0078125 0.021296296296296296
1 0.6541666666666667 0.5652777777777778 0.008333333333333333 0.021296296296296296
1 0.7630208333333334 0.5861111111111111 0.009375 0.022222222222222223
2 0.6065104166666667 0.562037037037037 0.013020833333333334 0.03518518518518519
2 0.11041666666666666 0.5657407407407408 0.011458333333333333 0.03518518518518519
