3 0.517578125 0.5030381944444444 0.034722222222222224 0.1177662037037037
3 0.7659505208333334 0.5004340277777778 0.04578993055555555 0.09346064814814815
2 0.2310112847222222 0.4972511574074074 0.030598958333333332 0.04832175925925926
2 0.5022786458333334 0.48538773148148145 0.015407986111111112 0.03732638888888889
2 0.6225043402777778 0.4822048611111111 0.019314236111111112 0.030960648148148147
2 0.6397569444444444 0.5860821759259259 0.037760416666666664 0.0697337962962963
2 0.8572048611111112 0.49927662037037035 0.020833333333333332 0.030960648148148147
2 0.9359809027777778 0.5026041666666666 0.025607638888888888 0.04398148148148148
1 0.6027560763888888 0.46455439814814814 0.013671875 0.025752314814814815
1 0.4480251736111111 0.4683159722222222 0.017578125 0.030960648148148147
0 0.3442925347222222 0.5539641203703703 0.04014756944444445 0.06336805555555555
0 0.3970269097222222 0.7977430555555556 0.103515625 0.16493055555555555
