2 0.353515625 0.76875 0.05390625 0.10416666666666667
2 0.18671875 0.8090277777777778 0.0609375 0.10416666666666667
2 0.490234375 0.6965277777777777 0.04140625 0.09027777777777778
2 0.600390625 0.6618055555555555 0.03671875 0.08194444444444444
2 0.712109375 0.6277777777777778 0.03828125 0.075
2 0.774609375 0.6055555555555555 0.03671875 0.06944444444444445
2 0.096875 0.4777777777777778 0.015625 0.03888888888888889
2 0.19375 0.475 0.015625 0.044444444444444446
2 0.114453125 0.6111111111111112 0.02890625 0.07222222222222222
2 0.084765625 0.5465277777777777 0.03203125 0.05694444444444444
2 0.130859375 0.5625 0.02578125 0.058333333333333334
2 0.164453125 0.5826388888888889 0.03359375 0.09861111111111111
2 0.846484375 0.5826388888888889 0.02890625 0.05694444444444444
2 0.894921875 0.5673611111111111 0.02890625 0.059722222222222225
2 0.9390625 0.5479166666666667 0.0375 0.07083333333333333
2 0.854296875 0.5222222222222223 0.02578125 0.04722222222222222
2 0.783203125 0.5131944444444444 0.01953125 0.04027777777777778
2 0.64453125 0.49236111111111114 0.0203125 0.04583333333333333
2 0.708984375 0.5020833333333333 0.01484375 0.0375
2 0.573828125 0.48194444444444445 0.01796875 0.03888888888888889
2 0.3859375 0.46875 0.01875 0.034722222222222224
2 0.289453125 0.4722222222222222 0.02421875 0.04722222222222222
2 0.482421875 0.4736111111111111 0.01640625 0.03611111111111111
1 0.074609375 0.4618055555555556 0.01484375 0.04861111111111111
1 0.2078125 0.4597222222222222 0.0109375 0.04722222222222222
1 0.338671875 0.46319444444444446 0.02109375 0.043055555555555555
1 0.532421875 0.8534722222222222 0.04140625 0.09027777777777778
1 0.769921875 0.775 0.03671875 0.09444444444444444
1 0.8859375 0.7256944444444444 0.040625 0.10416666666666667
1 0.977734375 0.6743055555555556 0.04453125 0.08194444444444444
1 0.9890625 0.4986111111111111 0.021875 0.05
1 0.9046875 0.4909722222222222 0.0203125 0.0375
1 0.828515625 0.48055555555555557 0.01953125 0.044444444444444446
1 0.676171875 0.4618055555555556 0.01953125 0.029166666666666667
1 0.587890625 0.4583333333333333 0.01953125 0.041666666666666664
1 0.46875 0.46041666666666664 0.01875 0.034722222222222224
