2 0.68125 0.5666666666666667 0.075 0.14814814814814814
2 0.20625 0.5638888888888889 0.065625 0.1425925925925926
1 0.05286458333333333 0.45787037037037037 0.016145833333333335 0.03611111111111111
1 0.16145833333333334 0.48657407407407405 0.013541666666666667 0.032407407407407406
1 0.2828125 0.513425925925926 0.013541666666666667 0.026851851851851852
1 0.375 0.5370370370370371 0.016666666666666666 0.03888888888888889
1 0.5481770833333334 0.4648148148148148 0.0171875 0.044444444444444446
1 0.65625 0.48564814814814816 0.011458333333333333 0.03425925925925926
1 0.778125 0.5143518518518518 0.016666666666666666 0.049074074074074076
1 0.86953125 0.5347222222222222 0.0109375 0.03981481481481482
1 0.99296875 0.5666666666666667 0.0140625 0.03518518518518519
