2 0.5109375 0.7881944444444444 0.015625 0.04861111111111111
2 0.49453125 0.7986111111111112 0.0171875 0.04722222222222222
0 0.400390625 0.9111111111111111 0.07265625 0.1527777777777778
0 0.46484375 0.83125 0.0265625 0.07361111111111111
0 0.585546875 0.7902777777777777 0.01796875 0.05
0 0.62578125 0.8131944444444444 0.0203125 0.059722222222222225
1 0.713671875 0.91875 0.06484375 0.14583333333333334
1 0.478515625 0.8104166666666667 0.01484375 0.08194444444444444
1 0.655078125 0.8347222222222223 0.03515625 0.08888888888888889
1 0.61015625 0.8006944444444445 0.01875 0.05694444444444444
