2 0.1956845238095238 0.598404255319149 0.023809523809523808 0.10638297872340426
2 0.38132440476190477 0.574468085106383 0.023065476190476192 0.11170212765957446
2 0.6889880952380952 0.5917553191489362 0.023809523809523808 0.09840425531914894
2 0.8716517857142857 0.5704787234042553 0.024553571428571428 0.10372340425531915
1 0.16220238095238096 0.6063829787234043 0.028273809523809524 0.11170212765957446
1 0.6566220238095238 0.613031914893617 0.024553571428571428 0.10904255319148937
0 0.71875 0.5851063829787234 0.028273809523809524 0.10638297872340426
0 0.22433035714285715 0.5718085106382979 0.026041666666666668 0.11702127659574468
0 0.33556547619047616 0.5904255319148937 0.022321428571428572 0.09042553191489362
0 0.7898065476190477 0.46675531914893614 0.026041666666666668 0.1356382978723404
0 0.8277529761904762 0.5837765957446809 0.024553571428571428 0.09840425531914894
