0 0.392625 0.427 0.02675 0.050666666666666665
0 0.649375 0.368 0.01775 0.024666666666666667
0 0.626125 0.3448333333333333 0.00975 0.023666666666666666
0 0.497 0.3468333333333333 0.013 0.023666666666666666
0 0.510375 0.333 0.00875 0.019333333333333334
0 0.61275 0.3325 0.009 0.018333333333333333
0 0.52175 0.3248333333333333 0.0075 0.015
0 0.604875 0.3253333333333333 0.00725 0.012666666666666666
1 0.530875 0.3195 0.00575 0.010333333333333333
1 0.53475 0.31466666666666665 0.0055 0.01
1 0.6 0.31383333333333335 0.0055 0.009
1 0.601375 0.31866666666666665 0.00475 0.009333333333333334
1 0.702625 0.4216666666666667 0.02725 0.050666666666666665
2 0.466 0.37183333333333335 0.02 0.03233333333333333
2 0.10475 0.6545 0.0895 0.11166666666666666
2 0.944125 0.668 0.09425 0.128
