1 0.5125868055555556 0.49638310185185186 0.012586805555555556 0.027488425925925927
1 0.5218098958333334 0.51171875 0.015407986111111112 0.03153935185185185
1 0.5552300347222222 0.5354456018518519 0.027126736111111112 0.04195601851851852
1 0.6526692708333334 0.5525173611111112 0.028428819444444444 0.04658564814814815
1 0.6839192708333334 0.4878472222222222 0.018012152777777776 0.028935185185185185
0 0.6800130208333334 0.48451967592592593 0.004123263888888889 0.01765046296296296
0 0.6678602430555556 0.4894386574074074 0.015407986111111112 0.025173611111111112
0 0.6414930555555556 0.5192418981481481 0.019097222222222224 0.03443287037037037
0 0.4506293402777778 0.5296585648148148 0.024956597222222224 0.039641203703703706
0 0.4013671875 0.5041956018518519 0.021484375 0.030381944444444444
0 0.3441840277777778 0.49117476851851855 0.012586805555555556 0.026909722222222224
2 0.3353949652777778 0.49898726851851855 0.019314236111111112 0.028645833333333332
2 0.3611111111111111 0.5193865740740741 0.026475694444444444 0.03761574074074074
2 0.5813802083333334 0.5041956018518519 0.018229166666666668 0.028645833333333332
