1 0.230859375 0.46805555555555556 0.00390625 0.019444444444444445
0 0.2421875 0.4909722222222222 0.00625 0.02638888888888889
1 0.169921875 0.4909722222222222 0.00625 0.029166666666666667
0 0.177734375 0.46944444444444444 0.00390625 0.019444444444444445
0 0.16171875 0.46875 0.0046875 0.020833333333333332
0 0.14453125 0.5465277777777777 0.01015625 0.04583333333333333
2 0.2697265625 0.5402777777777777 0.009765625 0.044444444444444446
0 0.0388671875 0.8090277777777778 0.032421875 0.14027777777777778
2 0.3826171875 0.7534722222222222 0.028515625 0.12361111111111112
0 0.52890625 0.8604166666666667 0.03203125 0.13472222222222222
2 0.871484375 0.8159722222222222 0.02890625 0.12083333333333333
2 0.7646484375 0.6034722222222222 0.009765625 0.04583333333333333
0 0.7390625 0.5534722222222223 0.00625 0.02638888888888889
1 0.728515625 0.5305555555555556 0.0046875 0.019444444444444445
1 0.6669921875 0.5541666666666667 0.005859375 0.027777777777777776
0 0.63984375 0.6097222222222223 0.01015625 0.04722222222222222
0 0.67578125 0.5305555555555556 0.00390625 0.019444444444444445
0 0.6595703125 0.5298611111111111 0.004296875 0.020833333333333332
