2 0.233984375 0.4625 0.00390625 0.016666666666666666
2 0.241015625 0.47430555555555554 0.0046875 0.020833333333333332
2 0.254296875 0.49583333333333335 0.00625 0.025
0 0.1857421875 0.4756944444444444 0.005078125 0.018055555555555554
0 0.17578125 0.4951388888888889 0.00625 0.02638888888888889
0 0.1501953125 0.5493055555555556 0.010546875 0.04861111111111111
1 0.04375 0.80625 0.03359375 0.14027777777777778
1 0.4130859375 0.775 0.030078125 0.13055555555555556
2 0.2845703125 0.5451388888888888 0.009765625 0.043055555555555555
2 0.7330078125 0.5222222222222223 0.003515625 0.016666666666666666
2 0.7392578125 0.5340277777777778 0.005078125 0.020833333333333332
2 0.7513671875 0.5548611111111111 0.005859375 0.02638888888888889
0 0.684765625 0.5347222222222222 0.0046875 0.019444444444444445
2 0.780078125 0.6048611111111111 0.009375 0.043055555555555555
0 0.6740234375 0.5541666666666667 0.005859375 0.027777777777777776
0 0.6462890625 0.6083333333333333 0.010546875 0.04722222222222222
1 0.532421875 0.85625 0.03359375 0.1375
1 0.9017578125 0.8388888888888889 0.030859375 0.13055555555555556
