1 0.23984375 0.5800925925925926 0.0140625 0.030555555555555555
1 0.33932291666666664 0.6152777777777778 0.018229166666666668 0.04351851851851852
1 0.43203125 0.6319444444444444 0.0067708333333333336 0.023148148148148147
1 0.46927083333333336 0.65 0.010416666666666666 0.024074074074074074
1 0.45651041666666664 0.6407407407407407 0.013020833333333334 0.025925925925925925
1 0.4359375 0.6458333333333334 0.011458333333333333 0.023148148148148147
1 0.16067708333333333 0.5532407407407407 0.013020833333333334 0.03611111111111111
1 0.12734375 0.537962962962963 0.015104166666666667 0.02962962962962963
1 0.14869791666666668 0.5402777777777777 0.0078125 0.025
1 0.26015625 0.5736111111111111 0.0078125 0.023148148148148147
1 0.30078125 0.5856481481481481 0.0078125 0.017592592592592594
1 0.22421875 0.5615740740740741 0.0067708333333333336 0.019444444444444445
1 0.3846354166666667 0.6175925925925926 0.008854166666666666 0.018518518518518517
1 0.8348958333333333 0.6129629629629629 0.0125 0.027777777777777776
1 0.9291666666666667 0.6430555555555556 0.013541666666666667 0.03611111111111111
1 0.9627604166666667 0.6518518518518519 0.0078125 0.024074074074074074
1 0.9520833333333333 0.6462962962962963 0.009375 0.022222222222222223
1 0.73359375 0.5796296296296296 0.013020833333333334 0.03518518518518519
1 0.6229166666666667 0.5347222222222222 0.015625 0.026851851851851852
1 0.65625 0.5504629629629629 0.009375 0.030555555555555555
1 0.64609375 0.5393518518518519 0.008854166666666666 0.030555555555555555
1 0.75625 0.575 0.011458333333333333 0.027777777777777776
1 0.79765625 0.5888888888888889 0.008854166666666666 0.020370370370370372
1 0.88125 0.6157407407407407 0.007291666666666667 0.024074074074074074
2 0.78203125 0.586574074074074 0.013020833333333334 0.026851851851851852
2 0.28489583333333335 0.5861111111111111 0.007291666666666667 0.02962962962962963
