0 0.0546875 0.7354166666666667 0.0265625 0.11805555555555555
2 0.3646484375 0.7263888888888889 0.024609375 0.1111111111111111
1 0.2224609375 0.45069444444444445 0.003515625 0.015277777777777777
0 0.228515625 0.4638888888888889 0.0046875 0.019444444444444445
2 0.239453125 0.4847222222222222 0.00625 0.027777777777777776
2 0.2638671875 0.5319444444444444 0.009765625 0.044444444444444446
1 0.1771484375 0.46319444444444446 0.004296875 0.018055555555555554
0 0.1658203125 0.48541666666666666 0.005859375 0.02638888888888889
0 0.1419921875 0.5361111111111111 0.009765625 0.04722222222222222
0 0.7263671875 0.5284722222222222 0.005078125 0.020833333333333332
2 0.737109375 0.5486111111111112 0.00625 0.027777777777777776
1 0.6755859375 0.5270833333333333 0.004296875 0.018055555555555554
0 0.6634765625 0.55 0.005859375 0.027777777777777776
0 0.6388671875 0.5986111111111111 0.009765625 0.04722222222222222
2 0.7599609375 0.5958333333333333 0.008984375 0.044444444444444446
2 0.8541015625 0.7875 0.026953125 0.10555555555555556
0 0.546875 0.7909722222222222 0.02734375 0.11527777777777778
