1 0.084765625 0.70625 0.02421875 0.10416666666666667
1 0.3517578125 0.6659722222222222 0.020703125 0.0875
2 0.23046875 0.4548611111111111 0.003125 0.015277777777777777
2 0.234765625 0.4618055555555556 0.003125 0.018055555555555554
2 0.240625 0.4708333333333333 0.00390625 0.019444444444444445
2 0.2515625 0.4888888888888889 0.00546875 0.025
1 0.2740234375 0.5277777777777778 0.007421875 0.03611111111111111
1 0.1623046875 0.5291666666666667 0.008984375 0.03888888888888889
0 0.179296875 0.4888888888888889 0.00546875 0.025
0 0.1888671875 0.4708333333333333 0.003515625 0.019444444444444445
0 0.194140625 0.4618055555555556 0.003125 0.015277777777777777
2 0.7294921875 0.5138888888888888 0.002734375 0.013888888888888888
2 0.733203125 0.5208333333333334 0.00390625 0.016666666666666666
2 0.738671875 0.5298611111111111 0.00390625 0.020833333333333332
2 0.7486328125 0.5479166666666667 0.005078125 0.02638888888888889
0 0.687109375 0.5291666666666667 0.00390625 0.019444444444444445
0 0.6767578125 0.5486111111111112 0.005859375 0.027777777777777776
1 0.6580078125 0.5875 0.008984375 0.03888888888888889
1 0.76953125 0.5875 0.0078125 0.03611111111111111
1 0.575 0.7618055555555555 0.02421875 0.10138888888888889
1 0.8421875 0.7277777777777777 0.02109375 0.08888888888888889
