1 0.42109375 0.7631944444444444 0.015625 0.06805555555555555
1 0.62890625 0.8 0.0390625 0.09444444444444444
1 0.731640625 0.9215277777777777 0.07265625 0.15694444444444444
1 0.570703125 0.7548611111111111 0.02265625 0.05138888888888889
2 0.46171875 0.7340277777777777 0.015625 0.04583333333333333
2 0.4421875 0.7458333333333333 0.01875 0.04722222222222222
0 0.276171875 0.9027777777777778 0.11015625 0.19444444444444445
0 0.403125 0.7854166666666667 0.0375 0.09027777777777778
0 0.543359375 0.7395833333333334 0.02109375 0.04861111111111111
0 0.589453125 0.7701388888888889 0.02421875 0.07361111111111111
