2 0.25078125 0.46041666666666664 0.003125 0.015277777777777777
2 0.25546875 0.4673611111111111 0.003125 0.018055555555555554
2 0.26328125 0.48194444444444445 0.0046875 0.022222222222222223
2 0.280078125 0.5104166666666666 0.00703125 0.03194444444444444
0 0.203125 0.48055555555555557 0.00546875 0.022222222222222223
0 0.189453125 0.5090277777777777 0.00703125 0.03194444444444444
1 0.157421875 0.58125 0.01328125 0.05694444444444444
1 0.32109375 0.5826388888888889 0.0125 0.05416666666666667
2 0.74921875 0.5201388888888889 0.003125 0.015277777777777777
2 0.7533203125 0.5270833333333333 0.004296875 0.018055555555555554
2 0.761328125 0.5416666666666666 0.00546875 0.022222222222222223
2 0.7763671875 0.56875 0.007421875 0.03194444444444444
0 0.7083984375 0.5284722222222222 0.003515625 0.015277777777777777
0 0.7009765625 0.5402777777777777 0.005078125 0.022222222222222223
0 0.6861328125 0.56875 0.006640625 0.03194444444444444
1 0.6517578125 0.6388888888888888 0.012890625 0.05555555555555555
1 0.814453125 0.6423611111111112 0.0125 0.05416666666666667
