1 0.1365234375 0.6027777777777777 0.016015625 0.06944444444444445
0 0.328515625 0.5888888888888889 0.015625 0.06388888888888888
1 0.1802734375 0.5055555555555555 0.007421875 0.03333333333333333
1 0.2771484375 0.5006944444444444 0.007421875 0.03194444444444444
1 0.19609375 0.4708333333333333 0.0046875 0.025
1 0.259765625 0.4701388888888889 0.00546875 0.02361111111111111
2 0.2513671875 0.45555555555555555 0.003515625 0.019444444444444445
2 0.2462890625 0.44583333333333336 0.002734375 0.016666666666666666
0 0.2029296875 0.45416666666666666 0.003515625 0.019444444444444445
0 0.2080078125 0.44583333333333336 0.002734375 0.013888888888888888
2 0.242578125 0.4409722222222222 0.00234375 0.015277777777777777
2 0.2400390625 0.4361111111111111 0.001953125 0.013888888888888888
2 0.7388671875 0.4951388888888889 0.001953125 0.015277777777777777
2 0.74140625 0.5006944444444444 0.00234375 0.015277777777777777
2 0.74453125 0.5055555555555555 0.003125 0.016666666666666666
2 0.75 0.5159722222222223 0.00390625 0.020833333333333332
1 0.7576171875 0.5305555555555556 0.005078125 0.022222222222222223
0 0.7013671875 0.5145833333333333 0.004296875 0.018055555555555554
0 0.706640625 0.5055555555555555 0.00390625 0.016666666666666666
1 0.6943359375 0.5305555555555556 0.005078125 0.025
1 0.67734375 0.5652777777777778 0.00703125 0.03333333333333333
1 0.7734375 0.5604166666666667 0.00625 0.03194444444444444
0 0.8216796875 0.6486111111111111 0.016015625 0.06388888888888888
1 0.63046875 0.6597222222222222 0.015625 0.06944444444444445
