1 0.3408203125 0.5083333333333333 0.033203125 0.1111111111111111
1 0.831640625 0.5618055555555556 0.0296875 0.12083333333333333
1 0.7794921875 0.5416666666666666 0.018359375 0.08055555555555556
1 0.748046875 0.5298611111111111 0.021875 0.0875
1 0.7154296875 0.5222222222222223 0.017578125 0.06666666666666667
1 0.6767578125 0.5291666666666667 0.013671875 0.06944444444444445
1 0.6466796875 0.5263888888888889 0.016015625 0.075
1 0.60546875 0.5263888888888889 0.0171875 0.058333333333333334
1 0.10859375 0.46458333333333335 0.01171875 0.059722222222222225
1 0.2861328125 0.48125 0.022265625 0.0875
1 0.2521484375 0.46597222222222223 0.018359375 0.07083333333333333
1 0.2189453125 0.46597222222222223 0.018359375 0.06805555555555555
1 0.1794921875 0.4625 0.014453125 0.06944444444444445
1 0.1505859375 0.46458333333333335 0.011328125 0.06527777777777778
0 0.5591796875 0.5604166666666667 0.033203125 0.12083333333333333
0 0.0669921875 0.5152777777777777 0.028515625 0.13333333333333333
0 0.011328125 0.4875 0.01796875 0.075
0 0.5072265625 0.5527777777777778 0.023046875 0.06944444444444445
