1 0.0587890625 0.8076388888888889 0.030859375 0.1375
1 0.409765625 0.7868055555555555 0.028125 0.12083333333333333
2 0.2884765625 0.5625 0.010546875 0.044444444444444446
2 0.259765625 0.5104166666666666 0.00625 0.02638888888888889
2 0.247265625 0.4875 0.0046875 0.022222222222222223
2 0.2404296875 0.4756944444444444 0.004296875 0.018055555555555554
0 0.1927734375 0.4875 0.004296875 0.019444444444444445
0 0.1826171875 0.5069444444444444 0.005859375 0.027777777777777776
0 0.1576171875 0.5604166666666667 0.009765625 0.04861111111111111
2 0.7390625 0.5381944444444444 0.00390625 0.018055555555555554
2 0.7451171875 0.5506944444444445 0.005078125 0.020833333333333332
2 0.756640625 0.5729166666666666 0.00625 0.029166666666666667
0 0.6912109375 0.5493055555555556 0.005078125 0.020833333333333332
0 0.6802734375 0.56875 0.006640625 0.029166666666666667
0 0.6533203125 0.6215277777777778 0.009765625 0.04861111111111111
1 0.54765625 0.8576388888888888 0.03125 0.13194444444444445
1 0.8982421875 0.85 0.030078125 0.12222222222222222
2 0.7837890625 0.625 0.009765625 0.044444444444444446
