1 0.63 0.6663333333333333 0.0935 0.16133333333333333
3 0.051375 0.43716666666666665 0.04225 0.13033333333333333
3 0.09425 0.4325 0.0435 0.121
1 0.422125 0.46116666666666667 0.02625 0.033666666666666664
2 0.344625 0.424 0.01675 0.027333333333333334
2 0.543 0.4175 0.016 0.024333333333333332
0 0.649375 0.435 0.01975 0.034
0 0.699625 0.4653333333333333 0.03775 0.03266666666666666
0 0.651625 0.49233333333333335 0.04275 0.06133333333333333
3 0.781875 0.4093333333333333 0.02725 0.06533333333333333
2 0.9525 0.45116666666666666 0.0335 0.027666666666666666
