0 0.795 0.5953333333333334 0.0815 0.12066666666666667
0 0.55175 0.47683333333333333 0.032 0.05566666666666667
1 0.11275 0.48333333333333334 0.041 0.06333333333333334
1 0.16825 0.4435 0.0235 0.041
1 0.20925 0.4255 0.019 0.03233333333333333
1 0.239625 0.4161666666666667 0.01525 0.026333333333333334
1 0.24925 0.4056666666666667 0.0125 0.021333333333333333
0 0.493875 0.44216666666666665 0.02275 0.036333333333333336
0 0.452625 0.4246666666666667 0.01575 0.03133333333333333
0 0.4335 0.413 0.0145 0.023333333333333334
2 0.419 0.4058333333333333 0.012 0.021
