0 0.8016493055555556 0.5956307870370371 0.050347222222222224 0.0853587962962963
0 0.8560112847222222 0.5342881944444444 0.041015625 0.06278935185185185
0 0.8909505208333334 0.5023148148148148 0.027560763888888888 0.048032407407407406
0 0.9240451388888888 0.46947337962962965 0.021701388888888888 0.03616898148148148
0 0.9482421875 0.4509548611111111 0.017578125 0.027488425925925927
0 0.9530164930555556 0.4388020833333333 0.012803819444444444 0.026331018518518517
0 0.9661458333333334 0.42896412037037035 0.010850694444444444 0.022858796296296297
2 0.9723307291666666 0.42201967592592593 0.009765625 0.021122685185185185
2 0.8082682291666666 0.41941550925925924 0.012369791666666666 0.018229166666666668
2 0.21788194444444445 0.5794270833333334 0.045572916666666664 0.07494212962962964
1 0.3585069444444444 0.5350115740740741 0.042534722222222224 0.059027777777777776
1 0.4823133680555556 0.5014467592592593 0.03146701388888889 0.046296296296296294
1 0.58203125 0.4774305555555556 0.023003472222222224 0.03993055555555555
1 0.7113715277777778 0.44241898148148145 0.014756944444444444 0.028935185185185185
1 0.7510850694444444 0.43373842592592593 0.014756944444444444 0.02546296296296296
1 0.7858072916666666 0.4280960648148148 0.015190972222222222 0.022858796296296297
