1 0.7424479166666667 0.6236111111111111 0.022395833333333334 0.06018518518518518
1 0.25078125 0.625462962962963 0.0203125 0.05277777777777778
1 0.22630208333333332 0.6092592592592593 0.0140625 0.037037037037037035
1 0.7203125 0.6101851851851852 0.014583333333333334 0.046296296296296294
1 0.044270833333333336 0.5810185185185185 0.014583333333333334 0.032407407407407406
1 0.11197916666666667 0.5893518518518519 0.011458333333333333 0.028703703703703703
1 0.17109375 0.5995370370370371 0.011979166666666667 0.03425925925925926
1 0.6674479166666667 0.5967592592592592 0.0109375 0.026851851851851852
1 0.54296875 0.5782407407407407 0.008854166666666666 0.023148148148148147
1 0.6091145833333333 0.586574074074074 0.0109375 0.03425925925925926
1 0.11041666666666666 0.6916666666666667 0.059375 0.12407407407407407
1 0.5643229166666667 0.6837962962962963 0.0640625 0.1287037037037037
