1 0.6236328125 0.5486111111111112 0.029296875 0.10277777777777777
1 0.66875 0.5305555555555556 0.01796875 0.06111111111111111
1 0.69140625 0.51875 0.0109375 0.05416666666666667
1 0.133984375 0.49166666666666664 0.01953125 0.09722222222222222
1 0.1728515625 0.46805555555555556 0.014453125 0.06666666666666667
1 0.1955078125 0.4618055555555556 0.012890625 0.059722222222222225
1 0.205078125 0.4479166666666667 0.0109375 0.06805555555555555
1 0.703125 0.5125 0.01171875 0.06111111111111111
0 0.85234375 0.5604166666666667 0.02890625 0.12083333333333333
0 0.8125 0.5333333333333333 0.0171875 0.06666666666666667
0 0.3595703125 0.5006944444444444 0.026171875 0.10138888888888889
0 0.3150390625 0.47638888888888886 0.013671875 0.06666666666666667
0 0.2966796875 0.4618055555555556 0.014453125 0.04861111111111111
0 0.79375 0.5236111111111111 0.00859375 0.058333333333333334
0 0.780859375 0.5173611111111112 0.009375 0.05694444444444444
0 0.282421875 0.45555555555555555 0.009375 0.06111111111111111
