2 0.40025 0.37233333333333335 0.026 0.044
0 0.1075 0.5905 0.0775 0.115
0 0.692625 0.3765 0.02975 0.050333333333333334
0 0.6445 0.325 0.021 0.03333333333333333
0 0.467125 0.32266666666666666 0.01625 0.03333333333333333
0 0.493375 0.30133333333333334 0.01375 0.024666666666666667
0 0.624875 0.3001666666666667 0.01375 0.02033333333333333
0 0.512375 0.2861666666666667 0.01125 0.018333333333333333
0 0.612375 0.28783333333333333 0.00975 0.015
1 0.524 0.2773333333333333 0.007 0.014666666666666666
1 0.5295 0.2718333333333333 0.0075 0.010333333333333333
1 0.604875 0.2718333333333333 0.00575 0.011666666666666667
1 0.607 0.2803333333333333 0.0065 0.013333333333333334
1 0.8905 0.6003333333333334 0.0775 0.128
