0 0.2396484375 0.4777777777777778 0.004296875 0.019444444444444445
2 0.2529296875 0.5006944444444444 0.006640625 0.029166666666666667
1 0.185546875 0.47847222222222224 0.0046875 0.018055555555555554
1 0.233203125 0.4652777777777778 0.003125 0.013888888888888888
0 0.190625 0.46458333333333335 0.003125 0.015277777777777777
0 0.1771484375 0.46458333333333335 0.003515625 0.015277777777777777
0 0.1724609375 0.5027777777777778 0.006640625 0.030555555555555555
0 0.1431640625 0.5645833333333333 0.011328125 0.05138888888888889
2 0.2841796875 0.5583333333333333 0.010546875 0.05
2 0.4443359375 0.8701388888888889 0.038671875 0.15416666666666667
0 0.7380859375 0.5395833333333333 0.005078125 0.020833333333333332
2 0.7498046875 0.5618055555555556 0.006640625 0.029166666666666667
2 0.778515625 0.61875 0.0109375 0.04861111111111111
1 0.7314453125 0.5256944444444445 0.003515625 0.015277777777777777
1 0.68359375 0.5388888888888889 0.00390625 0.019444444444444445
0 0.6697265625 0.5645833333333333 0.006640625 0.029166666666666667
0 0.6384765625 0.6243055555555556 0.011328125 0.05138888888888889
2 0.93203125 0.9291666666666667 0.0390625 0.14166666666666666
