1 0.67734375 0.6481481481481481 0.0328125 0.053703703703703705
1 0.9229166666666667 0.6574074074074074 0.030208333333333334 0.05555555555555555
1 0.98984375 0.6361111111111111 0.0171875 0.03148148148148148
1 0.953125 0.6347222222222222 0.011458333333333333 0.028703703703703703
1 0.5119791666666667 0.625462962962963 0.023958333333333335 0.05277777777777778
1 0.5619791666666667 0.611574074074074 0.0125 0.025
1 0.18776041666666668 0.6458333333333334 0.03177083333333333 0.06018518518518518
1 0.4309895833333333 0.6546296296296297 0.0296875 0.06296296296296296
1 0.4578125 0.6324074074074074 0.0125 0.02962962962962963
1 0.4942708333333333 0.6407407407407407 0.011458333333333333 0.040740740740740744
1 0.01953125 0.6296296296296297 0.0234375 0.05925925925925926
1 0.06510416666666667 0.6083333333333333 0.008333333333333333 0.024074074074074074
2 0.24635416666666668 0.6226851851851852 0.011458333333333333 0.03425925925925926
2 0.7421875 0.6231481481481481 0.011458333333333333 0.027777777777777776
1 0.39505208333333336 0.625462962962963 0.0109375 0.025
1 0.8921875 0.624537037037037 0.0125 0.026851851851851852
