1 0.6091145833333333 0.6805555555555556 0.0734375 0.14814814814814814
1 0.7184895833333333 0.5912037037037037 0.018229166666666668 0.05648148148148148
1 0.6869791666666667 0.575462962962963 0.015625 0.03425925925925926
1 0.6502604166666667 0.5791666666666667 0.016145833333333335 0.03425925925925926
1 0.5802083333333333 0.5796296296296296 0.015625 0.027777777777777776
1 0.13828125 0.6805555555555556 0.08072916666666667 0.14074074074074075
1 0.22786458333333334 0.5912037037037037 0.0234375 0.05648148148148148
1 0.19088541666666667 0.5791666666666667 0.019270833333333334 0.03611111111111111
1 0.15286458333333333 0.575462962962963 0.019270833333333334 0.03981481481481482
1 0.08333333333333333 0.5777777777777777 0.013541666666666667 0.037037037037037035
