1 0.8190104166666666 0.6152777777777778 0.03697916666666667 0.0787037037037037
1 0.6755208333333333 0.5527777777777778 0.017708333333333333 0.040740740740740744
1 0.334375 0.624537037037037 0.03333333333333333 0.062037037037037036
1 0.60859375 0.524537037037037 0.0140625 0.032407407407407406
1 0.5580729166666667 0.5055555555555555 0.018229166666666668 0.02962962962962963
1 0.0609375 0.5087962962962963 0.013541666666666667 0.032407407407407406
1 0.11119791666666666 0.5259259259259259 0.013020833333333334 0.03148148148148148
1 0.18098958333333334 0.5513888888888889 0.0203125 0.03981481481481482
0 0.5065104166666666 0.5055555555555555 0.0171875 0.044444444444444446
0 0.009114583333333334 0.5050925925925925 0.0171875 0.05092592592592592
