1 0.4875 0.268 0.015 0.03333333333333333
1 0.502 0.2856666666666667 0.0205 0.04066666666666666
1 0.408625 0.32516666666666666 0.03375 0.051666666666666666
1 0.208 0.387 0.0505 0.07333333333333333
2 0.221375 0.3448333333333333 0.03075 0.052333333333333336
2 0.6555 0.31283333333333335 0.031 0.049666666666666665
2 0.6575 0.4155 0.0495 0.083
0 0.338375 0.3 0.02775 0.042666666666666665
0 0.5805 0.29333333333333333 0.0255 0.04133333333333333
0 0.543875 0.3615 0.03425 0.06366666666666666
0 0.574125 0.557 0.07625 0.12733333333333333
