1 0.27578125 0.5319444444444444 0.00625 0.030555555555555555
0 0.3150390625 0.6118055555555556 0.013671875 0.05694444444444444
1 0.1529296875 0.6048611111111111 0.014453125 0.05694444444444444
0 0.18828125 0.5291666666666667 0.00703125 0.030555555555555555
0 0.1630859375 0.5229166666666667 0.007421875 0.029166666666666667
1 0.772265625 0.5909722222222222 0.00625 0.029166666666666667
0 0.8083984375 0.6701388888888888 0.013671875 0.05694444444444444
1 0.647265625 0.6611111111111111 0.0140625 0.05555555555555555
0 0.684765625 0.5868055555555556 0.00703125 0.03194444444444444
0 0.660546875 0.5826388888888889 0.00859375 0.029166666666666667
