2 0.04195601851851852 0.5768229166666666 0.052083333333333336 0.043402777777777776
2 0.12731481481481483 0.5341796875 0.026041666666666668 0.026692708333333332
1 0.5765335648148148 0.5439453125 0.03616898148148148 0.031901041666666664
1 0.39872685185185186 0.5486111111111112 0.03761574074074074 0.032552083333333336
1 0.14945023148148148 0.5452473958333334 0.033854166666666664 0.029296875
1 0.0998263888888889 0.5137803819444444 0.023148148148148147 0.020616319444444444
0 0.06770833333333333 0.5162760416666666 0.019675925925925927 0.022135416666666668
0 0.08405671296296297 0.5187717013888888 0.015914351851851853 0.020616319444444444
0 0.3382523148148148 0.5341796875 0.037037037037037035 0.026692708333333332
0 0.2745949074074074 0.5640190972222222 0.046875 0.038628472222222224
