1 0.165625 0.5645833333333333 0.0828125 0.15416666666666667
1 0.445703125 0.33611111111111114 0.03515625 0.07222222222222222
1 0.53125 0.2777777777777778 0.0203125 0.05277777777777778
1 0.598828125 0.25 0.01640625 0.03888888888888889
1 0.6359375 0.22847222222222222 0.0140625 0.043055555555555555
2 0.79453125 0.3638888888888889 0.03125 0.08055555555555556
2 0.758984375 0.30486111111111114 0.02265625 0.05416666666666667
2 0.922265625 0.2833333333333333 0.01015625 0.03888888888888889
2 0.755078125 0.25555555555555554 0.01796875 0.025
2 0.8375 0.25833333333333336 0.0125 0.027777777777777776
2 0.799609375 0.24027777777777778 0.00859375 0.030555555555555555
