1 0.4568359375 0.5951388888888889 0.071484375 0.2375
1 0.9359375 0.6645833333333333 0.059375 0.25972222222222224
1 0.861328125 0.5763888888888888 0.0296875 0.13333333333333333
1 0.8232421875 0.5520833333333334 0.023046875 0.09583333333333334
1 0.775 0.5333333333333333 0.01875 0.07777777777777778
1 0.7533203125 0.5208333333333334 0.015234375 0.075
1 0.2587890625 0.4625 0.016796875 0.06944444444444445
1 0.2818359375 0.48125 0.020703125 0.09861111111111111
1 0.372265625 0.5236111111111111 0.0265625 0.1361111111111111
1 0.33359375 0.49930555555555556 0.02578125 0.1125
0 0.5693359375 0.5409722222222222 0.021484375 0.09305555555555556
0 0.5853515625 0.5236111111111111 0.017578125 0.09444444444444444
0 0.0734375 0.49027777777777776 0.01796875 0.1
0 0.0876953125 0.46041666666666664 0.016015625 0.0875
