2 0.2466796875 0.4875 0.004296875 0.019444444444444445
2 0.258203125 0.5083333333333333 0.00625 0.027777777777777776
2 0.28515625 0.5534722222222223 0.009375 0.04027777777777778
0 0.2392578125 0.47708333333333336 0.003515625 0.015277777777777777
0 0.193359375 0.48819444444444443 0.00390625 0.018055555555555554
0 0.183203125 0.5083333333333333 0.00625 0.027777777777777776
0 0.1615234375 0.5506944444444445 0.009765625 0.043055555555555555
1 0.19921875 0.47638888888888886 0.003125 0.013888888888888888
0 0.0576171875 0.7770833333333333 0.030859375 0.12916666666666668
2 0.3962890625 0.75 0.027734375 0.1111111111111111
0 0.5470703125 0.8291666666666667 0.030078125 0.125
2 0.8859375 0.8097222222222222 0.02734375 0.10833333333333334
2 0.78046875 0.6125 0.009375 0.041666666666666664
0 0.65703125 0.6090277777777777 0.009375 0.043055555555555555
0 0.68046875 0.5680555555555555 0.00546875 0.025
2 0.7552734375 0.5666666666666667 0.005859375 0.025
2 0.744140625 0.5472222222222223 0.0046875 0.019444444444444445
0 0.69140625 0.5465277777777777 0.00390625 0.018055555555555554
1 0.698046875 0.5354166666666667 0.003125 0.015277777777777777
0 0.737890625 0.5361111111111111 0.00390625 0.016666666666666666
