2 0.8177083333333334 0.6584201388888888 0.02734375 0.044849537037037035
2 0.10991753472222222 0.6490162037037037 0.025390625 0.03819444444444445
0 0.1332465277777778 0.6284722222222222 0.014756944444444444 0.028356481481481483
0 0.1567925347222222 0.6307870370370371 0.017578125 0.03125
0 0.1779513888888889 0.6322337962962963 0.015625 0.030671296296296297
0 0.1965060763888889 0.6621817129629629 0.026692708333333332 0.042534722222222224
0 0.5113932291666666 0.6303530092592593 0.022352430555555556 0.033275462962962965
1 0.18489583333333334 0.6254340277777778 0.013888888888888888 0.03443287037037037
1 0.3260633680555556 0.6935763888888888 0.03927951388888889 0.05844907407407408
1 0.4929470486111111 0.6572627314814815 0.024088541666666668 0.042534722222222224
1 0.8143446180555556 0.6264467592592593 0.019314236111111112 0.03125
