2 0.4312065972222222 0.3910590277777778 0.022569444444444444 0.030960648148148147
1 0.4652777777777778 0.39380787037037035 0.016927083333333332 0.027777777777777776
1 0.5050998263888888 0.39858217592592593 0.017578125 0.035590277777777776
1 0.5461154513888888 0.40870949074074076 0.028862847222222224 0.038483796296296294
1 0.6205512152777778 0.4253472222222222 0.029730902777777776 0.050347222222222224
1 0.7756076388888888 0.4447337962962963 0.042534722222222224 0.0630787037037037
1 0.9729817708333334 0.4832175925925926 0.051432291666666664 0.08449074074074074
0 0.3828125 0.8083043981481481 0.1150173611111111 0.1953125
0 0.3162977430555556 0.5795717592592593 0.05099826388888889 0.0931712962962963
0 0.2703993055555556 0.5138888888888888 0.03689236111111111 0.06655092592592593
0 0.2677951388888889 0.4700520833333333 0.026909722222222224 0.04774305555555555
0 0.2517361111111111 0.44155092592592593 0.016927083333333332 0.04050925925925926
0 0.24696180555555555 0.42563657407407407 0.009982638888888888 0.03356481481481482
0 0.2384982638888889 0.4168113425925926 0.013888888888888888 0.03211805555555555
