0 0.146125 0.8028333333333333 0.08875 0.08833333333333333
0 0.638125 0.534 0.03875 0.03666666666666667
0 0.642625 0.4745 0.02825 0.027
0 0.58975 0.439 0.016 0.016
0 0.581375 0.419 0.01525 0.012666666666666666
0 0.47325 0.42383333333333334 0.012 0.011666666666666667
0 0.461125 0.44266666666666665 0.02175 0.017333333333333333
0 0.409125 0.4711666666666667 0.02725 0.018333333333333333
2 0.334 0.5426666666666666 0.0355 0.032
1 0.47325 0.41083333333333333 0.0155 0.009666666666666667
1 0.558 0.4103333333333333 0.0105 0.008666666666666666
1 0.560375 0.4018333333333333 0.01525 0.008333333333333333
1 0.8845 0.8013333333333333 0.104 0.098
