2 0.1671875 0.5527777777777778 0.04479166666666667 0.10925925925925926
2 0.6497395833333334 0.5611111111111111 0.0453125 0.10555555555555556
1 0.9325520833333333 0.5824074074074074 0.0171875 0.04259259259259259
1 0.8052083333333333 0.5421296296296296 0.013541666666666667 0.026851851851851852
1 0.621875 0.49212962962962964 0.0125 0.032407407407407406
1 0.7140625 0.5171296296296296 0.011458333333333333 0.028703703703703703
1 0.12552083333333333 0.4930555555555556 0.011458333333333333 0.028703703703703703
1 0.4401041666666667 0.5805555555555556 0.015625 0.03148148148148148
1 0.30885416666666665 0.5393518518518519 0.013541666666666667 0.03796296296296296
1 0.21822916666666667 0.5143518518518518 0.009375 0.026851851851851852
