1 0.01875 0.8305555555555556 0.03203125 0.14444444444444443
0 0.371875 0.7666666666666667 0.02734375 0.11666666666666667
0 0.2568359375 0.5513888888888889 0.010546875 0.044444444444444446
1 0.120703125 0.5611111111111111 0.01015625 0.04722222222222222
1 0.1470703125 0.5041666666666667 0.005859375 0.027777777777777776
1 0.2275390625 0.4986111111111111 0.005078125 0.025
1 0.2154296875 0.47708333333333336 0.004296875 0.020833333333333332
1 0.1587890625 0.4777777777777778 0.004296875 0.019444444444444445
2 0.2087890625 0.46319444444444446 0.003515625 0.018055555555555554
2 0.204296875 0.4548611111111111 0.003125 0.015277777777777777
0 0.1642578125 0.4625 0.003515625 0.016666666666666666
0 0.6626953125 0.5243055555555556 0.003515625 0.018055555555555554
2 0.707421875 0.5243055555555556 0.00390625 0.018055555555555554
2 0.7029296875 0.5173611111111112 0.002734375 0.015277777777777777
1 0.71328125 0.5388888888888889 0.0046875 0.019444444444444445
1 0.724609375 0.5590277777777778 0.00625 0.02638888888888889
1 0.6572265625 0.5381944444444444 0.004296875 0.018055555555555554
1 0.64453125 0.5631944444444444 0.00625 0.02638888888888889
1 0.616015625 0.6201388888888889 0.0109375 0.04583333333333333
0 0.7515625 0.6118055555555556 0.0109375 0.043055555555555555
