0 0.912375 0.6873333333333334 0.10975 0.188
0 0.74225 0.3905 0.058 0.09366666666666666
1 0.161125 0.312 0.04775 0.08066666666666666
0 0.660875 0.257 0.02675 0.052
1 0.31075 0.23133333333333334 0.0295 0.050666666666666665
1 0.363375 0.19133333333333333 0.01925 0.036
1 0.40325 0.17233333333333334 0.0165 0.03133333333333333
1 0.433375 0.15966666666666668 0.01325 0.024666666666666667
1 0.447875 0.14616666666666667 0.01275 0.019666666666666666
0 0.642 0.21033333333333334 0.02 0.037333333333333336
0 0.61925 0.184 0.0145 0.03
0 0.61225 0.16516666666666666 0.012 0.023
2 0.605375 0.15466666666666667 0.01175 0.020666666666666667
