1 0.7856770833333333 0.7291666666666666 0.021354166666666667 0.04537037037037037
1 0.69296875 0.6962962962962963 0.013020833333333334 0.027777777777777776
1 0.61796875 0.6703703703703704 0.0140625 0.025925925925925925
1 0.5598958333333334 0.6481481481481481 0.013541666666666667 0.020370370370370372
1 0.06041666666666667 0.649537037037037 0.013541666666666667 0.025
1 0.12005208333333334 0.6671296296296296 0.0140625 0.025
1 0.19817708333333334 0.6949074074074074 0.015104166666666667 0.030555555555555555
1 0.29322916666666665 0.7333333333333333 0.019791666666666666 0.03518518518518519
0 0.58359375 0.6736111111111112 0.0203125 0.04351851851851852
0 0.6052083333333333 0.7074074074074074 0.025 0.06481481481481481
0 0.03958333333333333 0.6504629629629629 0.013541666666666667 0.041666666666666664
0 0.5377604166666666 0.6504629629629629 0.015104166666666667 0.03425925925925926
0 0.08854166666666667 0.6731481481481482 0.015625 0.03888888888888889
0 0.11770833333333333 0.7101851851851851 0.03958333333333333 0.06296296296296296
