1 0.2296875 0.4597222222222222 0.003125 0.013888888888888888
0 0.2359375 0.47152777777777777 0.0046875 0.018055555555555554
2 0.2466796875 0.4895833333333333 0.005859375 0.02638888888888889
1 0.18515625 0.4708333333333333 0.00390625 0.019444444444444445
0 0.17421875 0.49166666666666664 0.00546875 0.025
0 0.151953125 0.5368055555555555 0.009375 0.043055555555555555
0 0.0685546875 0.7145833333333333 0.026171875 0.1125
2 0.3623046875 0.7076388888888889 0.024609375 0.10138888888888889
2 0.270703125 0.5326388888888889 0.00859375 0.04027777777777778
1 0.7279296875 0.51875 0.003515625 0.015277777777777777
0 0.73359375 0.53125 0.0046875 0.018055555555555554
2 0.7439453125 0.5493055555555556 0.005859375 0.02638888888888889
2 0.766015625 0.5916666666666667 0.009375 0.041666666666666664
1 0.683203125 0.5298611111111111 0.00390625 0.018055555555555554
0 0.6716796875 0.5506944444444445 0.006640625 0.02638888888888889
0 0.648046875 0.5958333333333333 0.009375 0.044444444444444446
0 0.559765625 0.7694444444444445 0.02578125 0.1111111111111111
2 0.8525390625 0.7708333333333334 0.024609375 0.10555555555555556
