0 0.94453125 0.53125 0.0265625 0.12083333333333333
0 0.4521484375 0.4722222222222222 0.026171875 0.125
1 0.520703125 0.5555555555555556 0.03984375 0.16944444444444445
1 0.0298828125 0.49583333333333335 0.043359375 0.16666666666666666
1 0.11875 0.45416666666666666 0.03359375 0.1361111111111111
1 0.1705078125 0.4409722222222222 0.025390625 0.08472222222222223
1 0.2341796875 0.4263888888888889 0.025390625 0.09444444444444444
1 0.278125 0.42083333333333334 0.02109375 0.08055555555555556
1 0.3365234375 0.42777777777777776 0.021484375 0.07222222222222222
1 0.4119140625 0.4263888888888889 0.015234375 0.06944444444444445
1 0.473828125 0.42777777777777776 0.01171875 0.07222222222222222
1 0.611328125 0.5118055555555555 0.03359375 0.12361111111111112
1 0.6654296875 0.5055555555555555 0.024609375 0.10555555555555556
1 0.7296875 0.48819444444444443 0.02109375 0.09027777777777778
1 0.7728515625 0.48333333333333334 0.023828125 0.06944444444444445
1 0.832421875 0.4722222222222222 0.01953125 0.08055555555555556
1 0.9072265625 0.48541666666666666 0.017578125 0.07361111111111111
1 0.97109375 0.49027777777777776 0.01796875 0.06944444444444445
