1 0.11796875 0.4222222222222222 0.01328125 0.06666666666666667
1 0.615234375 0.4840277777777778 0.0109375 0.04583333333333333
1 0.9173828125 0.6354166666666666 0.043359375 0.19583333333333333
1 0.93828125 0.5375 0.01328125 0.06666666666666667
1 0.92890625 0.5548611111111111 0.015625 0.09583333333333334
1 0.4330078125 0.5715277777777777 0.038671875 0.19583333333333333
1 0.4419921875 0.4736111111111111 0.012890625 0.06111111111111111
0 0.263671875 0.4756944444444444 0.0265625 0.0875
0 0.3205078125 0.46875 0.011328125 0.0625
0 0.142578125 0.4930555555555556 0.0203125 0.08888888888888889
0 0.6369140625 0.5534722222222223 0.022265625 0.09861111111111111
0 0.7556640625 0.5430555555555555 0.022265625 0.07777777777777778
0 0.8181640625 0.5298611111111111 0.014453125 0.05694444444444444
