1 0.39505208333333336 0.6518518518518519 0.019270833333333334 0.040740740740740744
1 0.45703125 0.687037037037037 0.024479166666666666 0.05
1 0.43046875 0.7162037037037037 0.03697916666666667 0.07685185185185185
1 0.9458333333333333 0.6884259259259259 0.03333333333333333 0.058333333333333334
1 0.8877604166666667 0.6518518518518519 0.0171875 0.03333333333333333
1 0.8309895833333333 0.6263888888888889 0.016145833333333335 0.030555555555555555
1 0.7734375 0.6055555555555555 0.015625 0.03148148148148148
1 0.6484375 0.5625 0.011458333333333333 0.026851851851851852
1 0.71796875 0.5856481481481481 0.013020833333333334 0.028703703703703703
1 0.33515625 0.6268518518518519 0.016145833333333335 0.03333333333333333
1 0.2747395833333333 0.6023148148148149 0.009895833333333333 0.026851851851851852
1 0.221875 0.5842592592592593 0.0125 0.02962962962962963
1 0.016666666666666666 0.5212962962962963 0.013541666666666667 0.03333333333333333
1 0.08828125 0.538425925925926 0.0109375 0.026851851851851852
1 0.1515625 0.5634259259259259 0.013541666666666667 0.025
1 0.5838541666666667 0.5402777777777777 0.011458333333333333 0.025
1 0.5138020833333333 0.5194444444444445 0.013020833333333334 0.03148148148148148
2 0.06536458333333334 0.5462962962962963 0.018229166666666668 0.03888888888888889
2 0.5598958333333334 0.5430555555555555 0.017708333333333333 0.03611111111111111
