1 0.4030060553633218 0.8942307692307693 0.050389273356401386 0.125
1 0.43652681660899656 0.5754807692307692 0.025302768166089964 0.057692307692307696
1 0.025302768166089964 0.573076923076923 0.005622837370242215 0.02403846153846154
1 0.034710207612456745 0.5826923076923077 0.007136678200692042 0.02403846153846154
1 0.13127162629757785 0.5360576923076923 0.011678200692041523 0.026923076923076925
1 0.11180795847750866 0.5367788461538462 0.011678200692041523 0.022596153846153846
1 0.09558823529411764 0.5336538461538461 0.007785467128027681 0.0125
1 0.08217993079584775 0.53125 0.00865051903114187 0.02403846153846154
0 0.008326124567474048 0.5584134615384615 0.004974048442906574 0.020673076923076922
0 0.011786332179930796 0.5625 0.0062716262975778545 0.01826923076923077
0 0.018274221453287196 0.5677884615384615 0.0067041522491349485 0.01730769230769231
0 0.0722318339100346 0.5283653846153846 0.006055363321799308 0.014423076923076924
0 0.157439446366782 0.5365384615384615 0.009515570934256055 0.019230769230769232
0 0.19333910034602075 0.5411057692307693 0.012110726643598616 0.023557692307692307
0 0.23886245674740483 0.5487980769230769 0.013624567474048443 0.03125
0 0.3088235294117647 0.557451923076923 0.01730103806228374 0.04471153846153846
0 0.20555795847750866 0.7235576923076923 0.029195501730103806 0.0625
0 0.8442906574394463 0.5514423076923077 0.03373702422145329 0.08557692307692308
2 0.1282439446366782 0.659375 0.018598615916955018 0.05048076923076923
2 0.08942474048442907 0.6288461538461538 0.014922145328719723 0.038461538461538464
2 0.06466262975778547 0.6040865384615385 0.012543252595155709 0.03125
2 0.04671280276816609 0.5930288461538461 0.009515570934256055 0.02548076923076923
