2 0.5591145833333333 0.5699074074074074 0.019270833333333334 0.041666666666666664
2 0.06171875 0.5689814814814815 0.0203125 0.03981481481481482
1 0.44895833333333335 0.6685185185185185 0.022916666666666665 0.05555555555555555
1 0.49140625 0.6986111111111111 0.021354166666666667 0.075
1 0.9401041666666666 0.663425925925926 0.023958333333333335 0.05648148148148148
1 0.9799479166666667 0.6995370370370371 0.0390625 0.08055555555555556
1 0.8640625 0.6351851851851852 0.015625 0.037037037037037035
1 0.8005208333333333 0.6171296296296296 0.014583333333333334 0.03611111111111111
1 0.7424479166666667 0.6013888888888889 0.0109375 0.03611111111111111
1 0.6807291666666667 0.5842592592592593 0.010416666666666666 0.025925925925925925
1 0.18333333333333332 0.5851851851851851 0.014583333333333334 0.027777777777777776
1 0.24609375 0.5981481481481481 0.009895833333333333 0.025925925925925925
1 0.30546875 0.6175925925925926 0.0140625 0.024074074074074074
1 0.37005208333333334 0.6356481481481482 0.018229166666666668 0.03981481481481482
