1 0.61875 0.8131944444444444 0.04375 0.10694444444444444
1 0.5875 0.7638888888888888 0.0328125 0.07777777777777778
1 0.548828125 0.7368055555555556 0.01953125 0.04583333333333333
1 0.433984375 0.7444444444444445 0.01484375 0.044444444444444446
0 0.38046875 0.8083333333333333 0.0484375 0.11666666666666667
0 0.423046875 0.7569444444444444 0.02109375 0.06944444444444445
0 0.53046875 0.7319444444444444 0.015625 0.04722222222222222
0 0.562890625 0.75 0.02109375 0.05555555555555555
2 0.460546875 0.7284722222222222 0.01328125 0.0375
2 0.445703125 0.7340277777777777 0.01640625 0.05138888888888889
