2 0.11675 0.7196666666666667 0.0895 0.14733333333333334
1 0.316 0.5808333333333333 0.0525 0.083
0 0.910375 0.547 0.04425 0.07333333333333333
1 0.433375 0.5125 0.03625 0.055
1 0.5105 0.47583333333333333 0.02 0.04033333333333333
0 0.856375 0.4975 0.03525 0.051
0 0.81125 0.458 0.021 0.034
1 0.564625 0.4505 0.01925 0.03233333333333333
1 0.58375 0.43466666666666665 0.0125 0.024
1 0.60675 0.4255 0.013 0.021666666666666667
1 0.62525 0.4195 0.01 0.017
2 0.633 0.412 0.0085 0.014
0 0.79825 0.4395 0.016 0.026333333333333334
0 0.7805 0.42766666666666664 0.013 0.02266666666666667
0 0.773125 0.4181666666666667 0.00975 0.019
2 0.767125 0.4131666666666667 0.00975 0.017
