2 0.7609375 0.587037037037037 0.0125 0.03148148148148148
2 0.2635416666666667 0.5842592592592593 0.013541666666666667 0.02962962962962963
1 0.21197916666666666 0.5847222222222223 0.015625 0.03611111111111111
1 0.07916666666666666 0.5467592592592593 0.01875 0.028703703703703703
1 0.11588541666666667 0.5634259259259259 0.011979166666666667 0.03611111111111111
1 0.33177083333333335 0.6087962962962963 0.014583333333333334 0.03611111111111111
1 0.4359375 0.6305555555555555 0.015625 0.02962962962962963
1 0.41744791666666664 0.6171296296296296 0.009895833333333333 0.019444444444444445
1 0.46588541666666666 0.6351851851851852 0.013020833333333334 0.03148148148148148
1 0.44921875 0.6217592592592592 0.016145833333333335 0.03611111111111111
1 0.5708333333333333 0.5444444444444444 0.011458333333333333 0.03518518518518519
1 0.5822916666666667 0.5467592592592593 0.0125 0.03796296296296296
1 0.609375 0.5578703703703703 0.016666666666666666 0.03796296296296296
1 0.7072916666666667 0.5861111111111111 0.015625 0.03888888888888889
1 0.8244791666666667 0.6101851851851852 0.014583333333333334 0.03518518518518519
1 0.93203125 0.6319444444444444 0.015104166666666667 0.032407407407407406
1 0.9591145833333333 0.6347222222222222 0.0140625 0.028703703703703703
1 0.9432291666666667 0.6240740740740741 0.0125 0.03333333333333333
1 0.91484375 0.6143518518518518 0.009895833333333333 0.026851851851851852
