1 0.9518229166666666 0.6893518518518519 0.0640625 0.1287037037037037
1 0.8171875 0.5995370370370371 0.027083333333333334 0.04722222222222222
1 0.7763020833333333 0.5782407407407407 0.0140625 0.030555555555555555
1 0.7424479166666667 0.5708333333333333 0.0109375 0.032407407407407406
1 0.6830729166666667 0.5578703703703703 0.011979166666666667 0.030555555555555555
1 0.471875 0.6902777777777778 0.065625 0.11388888888888889
1 0.321875 0.5995370370370371 0.022916666666666665 0.041666666666666664
1 0.27890625 0.5782407407407407 0.013020833333333334 0.030555555555555555
1 0.24583333333333332 0.5708333333333333 0.013541666666666667 0.030555555555555555
1 0.1875 0.5592592592592592 0.011458333333333333 0.024074074074074074
0 0.018229166666666668 0.5842592592592593 0.035416666666666666 0.08703703703703704
0 0.16171875 0.5726851851851852 0.016145833333333335 0.03611111111111111
0 0.17265625 0.5611111111111111 0.0140625 0.037037037037037035
0 0.13958333333333334 0.5578703703703703 0.009375 0.026851851851851852
0 0.6546875 0.5726851851851852 0.016666666666666666 0.041666666666666664
0 0.6684895833333333 0.5625 0.013020833333333334 0.041666666666666664
0 0.6375 0.5560185185185185 0.009375 0.030555555555555555
0 0.584375 0.5449074074074074 0.011458333333333333 0.028703703703703703
0 0.5283854166666667 0.5337962962962963 0.011979166666666667 0.030555555555555555
0 0.08697916666666666 0.5449074074074074 0.015625 0.021296296296296296
0 0.031510416666666666 0.5319444444444444 0.009895833333333333 0.021296296296296296
