2 0.2838541666666667 0.6277777777777778 0.009375 0.024074074074074074
2 0.78046875 0.6259259259259259 0.009895833333333333 0.02962962962962963
1 0.0984375 0.6217592592592592 0.01875 0.032407407407407406
1 0.1375 0.6282407407407408 0.016666666666666666 0.041666666666666664
1 0.24635416666666668 0.6324074074074074 0.019791666666666666 0.03888888888888889
1 0.41171875 0.6462962962962963 0.016145833333333335 0.044444444444444446
1 0.48020833333333335 0.6388888888888888 0.014583333333333334 0.02962962962962963
1 0.42552083333333335 0.6296296296296297 0.013541666666666667 0.03148148148148148
1 0.5950520833333334 0.6175925925925926 0.0203125 0.03333333333333333
1 0.6317708333333333 0.625462962962963 0.013541666666666667 0.04351851851851852
1 0.7375 0.6356481481481482 0.020833333333333332 0.03981481481481482
1 0.9049479166666666 0.6458333333333334 0.0171875 0.03611111111111111
1 0.9744791666666667 0.6402777777777777 0.009375 0.030555555555555555
1 0.9216145833333333 0.6333333333333333 0.011979166666666667 0.020370370370370372
1 0.99453125 0.6472222222222223 0.0109375 0.03888888888888889
