1 0.343359375 0.9270833333333334 0.05390625 0.14583333333333334
1 0.675390625 0.93125 0.06953125 0.1375
1 0.561328125 0.8222222222222222 0.01640625 0.058333333333333334
1 0.573046875 0.85625 0.03203125 0.07083333333333333
0 0.40859375 0.84375 0.034375 0.07916666666666666
0 0.436328125 0.81875 0.01796875 0.05416666666666667
0 0.523828125 0.8027777777777778 0.01640625 0.044444444444444446
0 0.544140625 0.8201388888888889 0.01640625 0.04861111111111111
2 0.46328125 0.7972222222222223 0.0109375 0.03611111111111111
2 0.451171875 0.8048611111111111 0.01640625 0.04583333333333333
