1 0.965625 0.6467592592592593 0.027083333333333334 0.0712962962962963
1 0.9020833333333333 0.6893518518518519 0.07083333333333333 0.15092592592592594
1 0.90390625 0.6013888888888889 0.028645833333333332 0.04537037037037037
1 0.8372395833333334 0.5828703703703704 0.019270833333333334 0.032407407407407406
1 0.7817708333333333 0.5638888888888889 0.011458333333333333 0.02962962962962963
1 0.7229166666666667 0.5444444444444444 0.013541666666666667 0.027777777777777776
1 0.5888020833333333 0.5060185185185185 0.013020833333333334 0.03796296296296296
1 0.5091145833333334 0.48333333333333334 0.0109375 0.027777777777777776
1 0.011197916666666667 0.48333333333333334 0.011979166666666667 0.025925925925925925
1 0.08880208333333334 0.5055555555555555 0.015104166666666667 0.02962962962962963
1 0.34348958333333335 0.5837962962962963 0.015104166666666667 0.030555555555555555
1 0.41171875 0.6050925925925926 0.022395833333333334 0.05092592592592592
1 0.428125 0.6833333333333333 0.06979166666666667 0.14074074074074075
1 0.47942708333333334 0.6509259259259259 0.0328125 0.05555555555555555
1 0.2859375 0.5634259259259259 0.009375 0.025
1 0.22421875 0.5444444444444444 0.013020833333333334 0.027777777777777776
2 0.05130208333333333 0.5083333333333333 0.021354166666666667 0.044444444444444446
2 0.5463541666666667 0.5055555555555555 0.020833333333333332 0.037037037037037035
0 0.9752604166666666 0.6125 0.021354166666666667 0.03425925925925926
0 0.478125 0.6125 0.019791666666666666 0.03425925925925926
