1 0.9026041666666667 0.6134259259259259 0.023958333333333335 0.04722222222222222
1 0.8380208333333333 0.5949074074074074 0.016666666666666666 0.03611111111111111
1 0.7549479166666667 0.5833333333333334 0.018229166666666668 0.027777777777777776
1 0.6955729166666667 0.575462962962963 0.009895833333333333 0.021296296296296296
1 0.4122395833333333 0.6129629629629629 0.030729166666666665 0.044444444444444446
1 0.34427083333333336 0.5976851851851852 0.016666666666666666 0.030555555555555555
1 0.26119791666666664 0.5842592592592593 0.018229166666666668 0.024074074074074074
1 0.1984375 0.5745370370370371 0.010416666666666666 0.023148148148148147
0 0.584375 0.6319444444444444 0.051041666666666666 0.09166666666666666
0 0.1 0.6305555555555555 0.04583333333333333 0.08703703703703704
0 0.21614583333333334 0.5962962962962963 0.01875 0.05
0 0.7104166666666667 0.5972222222222222 0.020833333333333332 0.04814814814814815
0 0.684375 0.5856481481481481 0.014583333333333334 0.028703703703703703
0 0.18828125 0.5814814814814815 0.013020833333333334 0.037037037037037035
0 0.14114583333333333 0.575462962962963 0.011458333333333333 0.021296296296296296
0 0.6372395833333333 0.575925925925926 0.013020833333333334 0.018518518518518517
0 0.5888020833333333 0.5675925925925925 0.009895833333333333 0.024074074074074074
0 0.09036458333333333 0.5675925925925925 0.0109375 0.024074074074074074
