3 0.5899522569444444 0.3208912037037037 0.052300347222222224 0.1244212962962963
3 0.6461588541666666 0.2560763888888889 0.03927951388888889 0.08449074074074074
2 0.0634765625 0.3861400462962963 0.060112847222222224 0.0685763888888889
2 0.390625 0.2907986111111111 0.03125 0.04282407407407408
2 0.7726779513888888 0.3113425925925926 0.03537326388888889 0.04918981481481482
2 0.9407552083333334 0.31235532407407407 0.033854166666666664 0.044849537037037035
1 0.1120876736111111 0.3250868055555556 0.03537326388888889 0.053530092592592594
1 0.6003689236111112 0.23509837962962962 0.016710069444444444 0.025752314814814815
0 0.8659939236111112 0.2640335648148148 0.022352430555555556 0.03211805555555555
0 0.6140407986111112 0.4586226851851852 0.055338541666666664 0.08275462962962964
