1 0.027734375 0.8805555555555555 0.0375 0.16111111111111112
0 0.4328125 0.8125 0.03359375 0.1388888888888889
1 0.14453125 0.5555555555555556 0.0109375 0.05
0 0.2869140625 0.5472222222222223 0.011328125 0.04722222222222222
1 0.1716796875 0.49583333333333335 0.006640625 0.027777777777777776
1 0.2537109375 0.49027777777777776 0.006640625 0.027777777777777776
1 0.1833984375 0.4666666666666667 0.004296875 0.019444444444444445
1 0.240625 0.4666666666666667 0.00390625 0.019444444444444445
2 0.2333984375 0.4527777777777778 0.004296875 0.019444444444444445
2 0.22890625 0.44513888888888886 0.003125 0.015277777777777777
0 0.1884765625 0.45416666666666666 0.003515625 0.016666666666666666
0 0.1927734375 0.44583333333333336 0.002734375 0.013888888888888888
0 0.9205078125 0.8763888888888889 0.034765625 0.1388888888888889
1 0.517578125 0.9236111111111112 0.03515625 0.15
1 0.6400390625 0.6152777777777778 0.010546875 0.05
0 0.78203125 0.6090277777777777 0.0109375 0.04583333333333333
1 0.6689453125 0.55625 0.005859375 0.029166666666666667
1 0.75078125 0.5513888888888889 0.00546875 0.025
1 0.73828125 0.5277777777777778 0.0046875 0.022222222222222223
1 0.6818359375 0.5277777777777778 0.004296875 0.022222222222222223
0 0.687109375 0.5138888888888888 0.00390625 0.016666666666666666
2 0.731640625 0.5145833333333333 0.00390625 0.018055555555555554
2 0.72734375 0.5076388888888889 0.003125 0.018055555555555554
2 0.724609375 0.5027777777777778 0.00234375 0.013888888888888888
