2 0.250390625 0.4756944444444444 0.00390625 0.018055555555555554
2 0.2560546875 0.48541666666666666 0.004296875 0.020833333333333332
2 0.26640625 0.5041666666666667 0.00546875 0.025
2 0.287890625 0.5409722222222222 0.0078125 0.0375
0 0.206640625 0.48541666666666666 0.00390625 0.018055555555555554
0 0.198828125 0.5006944444444444 0.00546875 0.02361111111111111
0 0.1810546875 0.5381944444444444 0.008203125 0.0375
1 0.131640625 0.6597222222222222 0.01875 0.08055555555555556
1 0.3556640625 0.6625 0.018359375 0.07777777777777778
1 0.62421875 0.7159722222222222 0.01875 0.07916666666666666
1 0.8474609375 0.7243055555555555 0.018359375 0.0763888888888889
2 0.7837890625 0.6020833333333333 0.008203125 0.0375
0 0.6775390625 0.5993055555555555 0.008203125 0.0375
2 0.763671875 0.5659722222222222 0.00546875 0.02638888888888889
0 0.696484375 0.5611111111111111 0.00546875 0.025
2 0.754296875 0.5486111111111112 0.0046875 0.019444444444444445
0 0.7048828125 0.5479166666666667 0.004296875 0.018055555555555554
