2 0.2947265625 0.5194444444444445 0.006640625 0.030555555555555555
0 0.276953125 0.49236111111111114 0.00546875 0.020833333333333332
1 0.268359375 0.47638888888888886 0.00390625 0.016666666666666666
1 0.21875 0.4895833333333333 0.0046875 0.020833333333333332
0 0.20546875 0.5173611111111112 0.00703125 0.03194444444444444
0 0.1703125 0.5965277777777778 0.0140625 0.059722222222222225
2 0.340625 0.5986111111111111 0.0140625 0.06111111111111111
1 0.76640625 0.5354166666666667 0.003125 0.015277777777777777
0 0.7744140625 0.55 0.005078125 0.022222222222222223
2 0.790625 0.5784722222222223 0.0078125 0.03194444444444444
1 0.7166015625 0.5479166666666667 0.004296875 0.020833333333333332
0 0.7015625 0.5756944444444444 0.00625 0.03194444444444444
0 0.663671875 0.6548611111111111 0.0140625 0.059722222222222225
2 0.8341796875 0.6569444444444444 0.013671875 0.06111111111111111
