1 0.43828125 0.5208333333333334 0.0296875 0.1111111111111111
1 0.9310546875 0.5840277777777778 0.036328125 0.11805555555555555
1 0.82421875 0.5541666666666667 0.02421875 0.1
1 0.7693359375 0.5409722222222222 0.025390625 0.0875
1 0.7021484375 0.5298611111111111 0.020703125 0.08194444444444444
1 0.6572265625 0.53125 0.018359375 0.08472222222222223
1 0.33359375 0.49444444444444446 0.02734375 0.09166666666666666
1 0.2759765625 0.4840277777777778 0.016796875 0.08194444444444444
1 0.2080078125 0.47152777777777777 0.022265625 0.08194444444444444
1 0.1611328125 0.4673611111111111 0.023828125 0.07916666666666666
