2 0.23697916666666666 0.5347222222222222 0.014583333333333334 0.032407407407407406
2 0.73359375 0.5337962962962963 0.013020833333333334 0.030555555555555555
1 0.8411458333333334 0.5712962962962963 0.027083333333333334 0.05740740740740741
1 0.6263020833333334 0.5486111111111112 0.0328125 0.06018518518518518
1 0.98984375 0.5796296296296296 0.015104166666666667 0.046296296296296294
1 0.9625 0.5625 0.014583333333333334 0.026851851851851852
1 0.92109375 0.5574074074074075 0.0140625 0.03148148148148148
1 0.13619791666666667 0.5458333333333333 0.028645833333333332 0.05462962962962963
1 0.03515625 0.5087962962962963 0.009895833333333333 0.028703703703703703
1 0.25677083333333334 0.5291666666666667 0.011458333333333333 0.032407407407407406
1 0.3497395833333333 0.5699074074074074 0.025520833333333333 0.05462962962962963
1 0.4940104166666667 0.5782407407407407 0.016145833333333335 0.04351851851851852
1 0.4661458333333333 0.562037037037037 0.013541666666666667 0.02962962962962963
1 0.425 0.5555555555555556 0.0125 0.025925925925925925
1 0.3046875 0.5351851851851852 0.008333333333333333 0.020370370370370372
1 0.5325520833333334 0.5074074074074074 0.0109375 0.025925925925925925
1 0.803125 0.5370370370370371 0.009375 0.020370370370370372
1 0.7541666666666667 0.5314814814814814 0.010416666666666666 0.025925925925925925
1 0.7026041666666667 0.524074074074074 0.009375 0.022222222222222223
1 0.20494791666666667 0.5226851851851851 0.0078125 0.019444444444444445
