0 0.5184895833333333 0.5671296296296297 0.0421875 0.08611111111111111
0 0.6088541666666667 0.5550925925925926 0.017708333333333333 0.049074074074074076
0 0.5614583333333333 0.537962962962963 0.011458333333333333 0.027777777777777776
0 0.03359375 0.5712962962962963 0.04114583333333333 0.08518518518518518
0 0.06510416666666667 0.5365740740740741 0.011458333333333333 0.032407407407407406
0 0.10677083333333333 0.5453703703703704 0.010416666666666666 0.03333333333333333
0 0.115625 0.5569444444444445 0.016666666666666666 0.04351851851851852
1 0.6765625 0.5597222222222222 0.011458333333333333 0.025
1 0.7125 0.5740740740740741 0.0125 0.02962962962962963
1 0.7627604166666667 0.5916666666666667 0.018229166666666668 0.037037037037037035
1 0.8958333333333334 0.6509259259259259 0.036458333333333336 0.07592592592592592
1 0.1796875 0.5611111111111111 0.011458333333333333 0.027777777777777776
1 0.21666666666666667 0.5717592592592593 0.0125 0.03425925925925926
1 0.26614583333333336 0.5898148148148148 0.019791666666666666 0.04814814814814815
1 0.4140625 0.6546296296296297 0.042708333333333334 0.08333333333333333
