0 0.3230251736111111 0.7999131944444444 0.11002604166666667 0.18663194444444445
0 0.2723524305555556 0.5756655092592593 0.050347222222222224 0.08998842592592593
0 0.2331814236111111 0.5112847222222222 0.034505208333333336 0.061921296296296294
0 0.2351345486111111 0.46846064814814814 0.025390625 0.046875
0 0.2218967013888889 0.43952546296296297 0.017578125 0.03587962962962963
0 0.2179904513888889 0.4253472222222222 0.010633680555555556 0.029513888888888888
0 0.2094184027777778 0.4152199074074074 0.012152777777777778 0.03009259259259259
2 0.3955078125 0.39829282407407407 0.017578125 0.026909722222222224
1 0.4270833333333333 0.40263310185185186 0.016059027777777776 0.02806712962962963
1 0.4619140625 0.41001157407407407 0.017578125 0.031828703703703706
1 0.5017361111111112 0.4201388888888889 0.020399305555555556 0.03530092592592592
1 0.5684678819444444 0.4370659722222222 0.025390625 0.04311342592592592
1 0.7153862847222222 0.46412037037037035 0.040581597222222224 0.059027777777777776
1 0.8969184027777778 0.5089699074074074 0.05381944444444445 0.078125
