1 0.8825231481481481 0.4883897569444444 0.04918981481481482 0.03797743055555555
1 0.6861979166666666 0.4880642361111111 0.039641203703703706 0.03298611111111111
1 0.5415219907407407 0.4441189236111111 0.021122685185185185 0.018880208333333332
1 0.49927662037037035 0.4766710069444444 0.033275462962962965 0.027560763888888888
1 0.3939525462962963 0.4649522569444444 0.02806712962962963 0.022786458333333332
0 0.09273726851851852 0.4820963541666667 0.030960648148148147 0.025390625
0 0.29311342592592593 0.4845920138888889 0.03761574074074074 0.028211805555555556
0 0.5428240740740741 0.4971788194444444 0.04282407407407408 0.03602430555555555
0 0.6805555555555556 0.4676649305555556 0.032407407407407406 0.026475694444444444
0 0.5211226851851852 0.4380425347222222 0.005208333333333333 0.007161458333333333
0 0.5150462962962963 0.4453125 0.009259259259259259 0.016927083333333332
0 0.5257523148148148 0.4466145833333333 0.013888888888888888 0.016927083333333332
2 0.5162037037037037 0.4640842013888889 0.024305555555555556 0.022786458333333332
2 0.14554398148148148 0.4894748263888889 0.03819444444444445 0.028862847222222224
2 0.34866898148148145 0.501953125 0.041087962962962965 0.034722222222222224
