1 0.32578125 0.5990740740740741 0.018229166666666668 0.03333333333333333
1 0.365625 0.6212962962962963 0.021875 0.044444444444444446
1 0.33046875 0.6444444444444445 0.04114583333333333 0.08333333333333333
1 0.284375 0.5824074074074074 0.013541666666666667 0.027777777777777776
1 0.021875 0.4935185185185185 0.010416666666666666 0.022222222222222223
1 0.09661458333333334 0.5194444444444445 0.011979166666666667 0.02962962962962963
1 0.1609375 0.5407407407407407 0.010416666666666666 0.024074074074074074
1 0.21953125 0.5597222222222222 0.0078125 0.025
1 0.8161458333333333 0.6356481481481482 0.035416666666666666 0.125
1 0.8572916666666667 0.6222222222222222 0.020833333333333332 0.053703703703703705
1 0.7791666666666667 0.5847222222222223 0.014583333333333334 0.032407407407407406
1 0.5166666666666667 0.49675925925925923 0.0125 0.03981481481481482
1 0.5953125 0.5203703703703704 0.011458333333333333 0.027777777777777776
1 0.65703125 0.5430555555555555 0.0078125 0.025
1 0.7161458333333334 0.562037037037037 0.00625 0.027777777777777776
