1 0.3390625 0.6175925925925926 0.013541666666666667 0.03333333333333333
1 0.41848958333333336 0.5796296296296296 0.0109375 0.020370370370370372
1 0.4044270833333333 0.575925925925926 0.013020833333333334 0.020370370370370372
1 0.40859375 0.5944444444444444 0.011979166666666667 0.02962962962962963
1 0.21979166666666666 0.6527777777777778 0.019791666666666666 0.024074074074074074
1 0.13072916666666667 0.6736111111111112 0.015625 0.025
1 0.08723958333333333 0.675 0.0140625 0.03518518518518519
1 0.11692708333333333 0.6550925925925926 0.0078125 0.019444444444444445
1 0.5830729166666667 0.674074074074074 0.013020833333333334 0.02962962962962963
1 0.6140625 0.6532407407407408 0.0125 0.017592592592592594
1 0.62578125 0.6759259259259259 0.016145833333333335 0.03518518518518519
1 0.7153645833333333 0.6546296296296297 0.015104166666666667 0.04259259259259259
1 0.8359375 0.6199074074074075 0.015625 0.030555555555555555
1 0.9033854166666667 0.5879629629629629 0.008854166666666666 0.044444444444444446
1 0.9151041666666667 0.5828703703703704 0.0125 0.028703703703703703
2 0.7502604166666667 0.6189814814814815 0.0109375 0.025
2 0.2520833333333333 0.6189814814814815 0.007291666666666667 0.017592592592592594
