2 0.31322337962962965 0.4587673611111111 0.02459490740740741 0.024305555555555556
2 0.41825810185185186 0.4734157986111111 0.04195601851851852 0.033203125
2 0.6717303240740741 0.4500868055555556 0.02980324074074074 0.024305555555555556
0 0.29441550925925924 0.4503038194444444 0.021701388888888888 0.021701388888888888
0 0.4301215277777778 0.4598524305555556 0.026909722222222224 0.025607638888888888
0 0.5852141203703703 0.4799262152777778 0.03616898148148148 0.03537326388888889
0 0.8103298611111112 0.4601779513888889 0.03616898148148148 0.029296875
0 0.7462384259259259 0.4310980902777778 0.01099537037037037 0.016710069444444444
0 0.73046875 0.4348958333333333 0.009548611111111112 0.017361111111111112
0 0.7397280092592593 0.4360894097222222 0.014756944444444444 0.016710069444444444
1 0.7592592592592593 0.4339192708333333 0.019097222222222224 0.019748263888888888
1 0.7463831018518519 0.4764539930555556 0.04369212962962963 0.034505208333333336
1 0.6173321759259259 0.4595269097222222 0.02922453703703704 0.026692708333333332
1 0.5623553240740741 0.4485677083333333 0.02459490740740741 0.022135416666666668
1 0.9357638888888888 0.4857855902777778 0.05613425925925926 0.040581597222222224
