0 0.5533854166666666 0.600462962962963 0.0546875 0.10277777777777777
0 0.69609375 0.5699074074074074 0.0234375 0.041666666666666664
0 0.6736979166666667 0.5564814814814815 0.0140625 0.03148148148148148
0 0.6247395833333333 0.5458333333333333 0.008854166666666666 0.021296296296296296
0 0.07291666666666667 0.6083333333333333 0.053125 0.09814814814814815
0 0.12916666666666668 0.5462962962962963 0.0125 0.03148148148148148
0 0.17630208333333333 0.5560185185185185 0.009895833333333333 0.021296296296296296
0 0.20416666666666666 0.5708333333333333 0.01875 0.04537037037037037
1 0.89375 0.5935185185185186 0.028125 0.05555555555555555
1 0.8283854166666667 0.5726851851851852 0.021354166666666667 0.03611111111111111
1 0.7463541666666667 0.562962962962963 0.015625 0.037037037037037035
1 0.40338541666666666 0.5930555555555556 0.0265625 0.049074074074074076
1 0.33229166666666665 0.575 0.017708333333333333 0.040740740740740744
1 0.24817708333333333 0.5606481481481481 0.013020833333333334 0.032407407407407406
