2 0.71640625 0.6143518518518518 0.05677083333333333 0.12685185185185185
2 0.23828125 0.6217592592592592 0.05260416666666667 0.13240740740740742
1 0.018489583333333334 0.4625 0.0171875 0.041666666666666664
1 0.16796875 0.5092592592592593 0.015104166666666667 0.044444444444444446
1 0.25286458333333334 0.5365740740740741 0.0109375 0.032407407407407406
1 0.33958333333333335 0.5685185185185185 0.011458333333333333 0.040740740740740744
1 0.4734375 0.6194444444444445 0.020833333333333332 0.040740740740740744
1 0.5161458333333333 0.4652777777777778 0.017708333333333333 0.03425925925925926
1 0.6651041666666667 0.5106481481481482 0.014583333333333334 0.04351851851851852
1 0.75 0.538425925925926 0.014583333333333334 0.028703703703703703
1 0.8348958333333333 0.5675925925925925 0.0125 0.03148148148148148
1 0.96640625 0.6166666666666667 0.015104166666666667 0.04259259259259259
