1 0.303125 0.7406666666666667 0.08475 0.142
1 0.703125 0.3975 0.03475 0.06433333333333334
1 0.737 0.28733333333333333 0.0235 0.03333333333333333
1 0.647 0.32166666666666666 0.0275 0.044
1 0.598625 0.2658333333333333 0.01775 0.029
1 0.25225 0.2525 0.0135 0.023666666666666666
1 0.043375 0.276 0.01875 0.03
0 0.114375 0.25983333333333336 0.01875 0.025666666666666667
0 0.311875 0.2723333333333333 0.01525 0.03133333333333333
0 0.462375 0.2555 0.01275 0.025666666666666667
0 0.51475 0.28933333333333333 0.021 0.03333333333333333
0 0.96075 0.32716666666666666 0.0275 0.04833333333333333
