0 0.836328125 0.350462962962963 0.020052083333333335 0.0824074074074074
0 0.3444010416666667 0.3490740740740741 0.021614583333333333 0.07962962962962963
2 0.16106770833333334 0.3476851851851852 0.01953125 0.10833333333333334
2 0.8989583333333333 0.34629629629629627 0.022395833333333334 0.08518518518518518
2 0.40598958333333335 0.3425925925925926 0.0203125 0.08703703703703704
2 0.6522135416666667 0.3439814814814815 0.02265625 0.11018518518518519
1 0.7848958333333333 0.35138888888888886 0.0203125 0.08425925925925926
1 0.2908854166666667 0.35138888888888886 0.0203125 0.08425925925925926
1 0.680078125 0.36574074074074076 0.017447916666666667 0.05185185185185185
1 0.18776041666666668 0.36574074074074076 0.020833333333333332 0.05185185185185185
