1 0.566015625 0.7875 0.03984375 0.08611111111111111
1 0.519140625 0.7597222222222222 0.01796875 0.05
1 0.387890625 0.7847222222222222 0.03515625 0.075
2 0.4328125 0.7388888888888889 0.0125 0.041666666666666664
2 0.441796875 0.7333333333333333 0.01171875 0.03888888888888889
0 0.612890625 0.8173611111111111 0.05390625 0.13472222222222222
0 0.492578125 0.7361111111111112 0.01171875 0.03333333333333333
0 0.508203125 0.7423611111111111 0.01484375 0.04027777777777778
0 0.4234375 0.7465277777777778 0.0125 0.0375
0 0.4078125 0.7534722222222222 0.0234375 0.05694444444444444
0 0.35390625 0.8048611111111111 0.0453125 0.10138888888888889
