2 0.05675 0.45566666666666666 0.021 0.028
2 0.27725 0.4156666666666667 0.0185 0.028
0 0.140125 0.6095 0.05225 0.071
0 0.18525 0.4835 0.033 0.041
0 0.461875 0.41733333333333333 0.01375 0.02266666666666667
0 0.47975 0.4018333333333333 0.012 0.015
0 0.67525 0.3963333333333333 0.0115 0.019333333333333334
0 0.910375 0.4008333333333333 0.01525 0.025666666666666667
1 0.298625 0.4395 0.01625 0.030333333333333334
1 0.63125 0.41 0.012 0.02266666666666667
1 0.830875 0.4115 0.01775 0.025666666666666667
1 0.59575 0.7298333333333333 0.0685 0.103
