1 0.061328125 0.85625 0.03671875 0.15138888888888888
0 0.471484375 0.8229166666666666 0.034375 0.1375
1 0.1890625 0.5701388888888889 0.0109375 0.04583333333333333
1 0.325 0.5673611111111111 0.009375 0.04583333333333333
1 0.294140625 0.5131944444444444 0.00625 0.029166666666666667
2 0.2814453125 0.4895833333333333 0.004296875 0.02361111111111111
2 0.2740234375 0.47638888888888886 0.003515625 0.016666666666666666
2 0.26953125 0.46944444444444444 0.003125 0.016666666666666666
1 0.215625 0.5125 0.00546875 0.027777777777777776
0 0.2248046875 0.4888888888888889 0.004296875 0.019444444444444445
2 0.26640625 0.46319444444444446 0.00234375 0.0125
2 0.7650390625 0.5256944444444445 0.002734375 0.0125
2 0.76796875 0.53125 0.003125 0.015277777777777777
2 0.7720703125 0.5388888888888889 0.003515625 0.016666666666666666
2 0.7791015625 0.5506944444444445 0.004296875 0.020833333333333332
0 0.729296875 0.5361111111111111 0.003125 0.016666666666666666
0 0.7224609375 0.5493055555555556 0.004296875 0.020833333333333332
1 0.7126953125 0.5729166666666666 0.005078125 0.02638888888888889
1 0.683984375 0.6277777777777778 0.0109375 0.04722222222222222
1 0.791015625 0.5743055555555555 0.00625 0.02638888888888889
1 0.8197265625 0.6284722222222222 0.010546875 0.04583333333333333
0 0.9607421875 0.8840277777777777 0.033984375 0.1375
1 0.548828125 0.9041666666666667 0.03671875 0.15
