0 0.5294270833333333 0.5810185185185185 0.016145833333333335 0.03611111111111111
0 0.5815104166666667 0.5944444444444444 0.0140625 0.037037037037037035
0 0.61796875 0.6268518518518519 0.021354166666666667 0.053703703703703705
0 0.5393229166666667 0.6763888888888889 0.07135416666666666 0.12685185185185185
0 0.035416666666666666 0.575925925925926 0.013541666666666667 0.02962962962962963
0 0.08671875 0.5953703703703703 0.019270833333333334 0.037037037037037035
0 0.12604166666666666 0.6240740740740741 0.021875 0.05
0 0.06536458333333334 0.6805555555555556 0.06510416666666667 0.13518518518518519
1 0.05 0.5773148148148148 0.008333333333333333 0.032407407407407406
1 0.10833333333333334 0.5958333333333333 0.011458333333333333 0.026851851851851852
1 0.18098958333333334 0.6180555555555556 0.016145833333333335 0.03796296296296296
1 0.2635416666666667 0.6430555555555556 0.017708333333333333 0.04351851851851852
1 0.43697916666666664 0.712037037037037 0.03333333333333333 0.05925925925925926
1 0.54765625 0.5782407407407407 0.008854166666666666 0.025
1 0.6046875 0.5962962962962963 0.0125 0.025925925925925925
1 0.6770833333333334 0.6185185185185185 0.014583333333333334 0.03148148148148148
1 0.7572916666666667 0.649074074074074 0.020833333333333332 0.044444444444444446
1 0.9268229166666667 0.7148148148148148 0.03177083333333333 0.05925925925925926
