2 0.3185763888888889 0.5752314814814815 0.030815972222222224 0.04513888888888889
2 0.3687065972222222 0.5447048611111112 0.019965277777777776 0.033854166666666664
2 0.6453993055555556 0.5659722222222222 0.024739583333333332 0.037037037037037035
0 0.4047309027777778 0.5347222222222222 0.01953125 0.028356481481481483
0 0.4191623263888889 0.5555555555555556 0.021050347222222224 0.036458333333333336
0 0.3837890625 0.5979456018518519 0.03537326388888889 0.05237268518518518
0 0.6749131944444444 0.5967881944444444 0.030815972222222224 0.05179398148148148
0 0.8038194444444444 0.5491898148148148 0.018229166666666668 0.028935185185185185
0 0.8121744791666666 0.5460069444444444 0.010633680555555556 0.032407407407407406
0 0.8360460069444444 0.5436921296296297 0.011935763888888888 0.03009259259259259
1 0.8255208333333334 0.5471643518518519 0.015190972222222222 0.037037037037037035
1 0.5695529513888888 0.6563946759259259 0.041449652777777776 0.07552083333333333
1 0.5796440972222222 0.5509259259259259 0.019097222222222224 0.03356481481481482
1 0.5394965277777778 0.5730613425925926 0.024739583333333332 0.040219907407407406
1 0.5008680555555556 0.6140046296296297 0.03428819444444445 0.05787037037037037
