1 0.014583333333333334 0.46620370370370373 0.013541666666666667 0.03611111111111111
1 0.14453125 0.5013888888888889 0.0109375 0.025
1 0.22473958333333333 0.5277777777777778 0.009895833333333333 0.03333333333333333
1 0.3143229166666667 0.5541666666666667 0.0109375 0.025
1 0.4171875 0.5893518518518519 0.010416666666666666 0.03981481481481482
1 0.6403645833333333 0.5018518518518519 0.015104166666666667 0.03888888888888889
1 0.7213541666666666 0.5277777777777778 0.008333333333333333 0.03518518518518519
1 0.8096354166666667 0.5532407407407407 0.011979166666666667 0.032407407407407406
1 0.9119791666666667 0.5875 0.013541666666666667 0.032407407407407406
1 0.5111979166666667 0.4652777777777778 0.015104166666666667 0.04722222222222222
2 0.6153645833333333 0.5625 0.04635416666666667 0.10833333333333334
2 0.13645833333333332 0.5634259259259259 0.052083333333333336 0.09166666666666666
