2 0.69921875 0.34375 0.0421875 0.09027777777777778
2 0.8015625 0.29791666666666666 0.0265625 0.059722222222222225
2 0.621484375 0.26944444444444443 0.02421875 0.05555555555555555
2 0.6765625 0.2513888888888889 0.01875 0.03333333333333333
2 0.578125 0.24722222222222223 0.0125 0.041666666666666664
2 0.54453125 0.225 0.0125 0.044444444444444446
2 0.637890625 0.2326388888888889 0.01953125 0.03194444444444444
1 0.28515625 0.4027777777777778 0.0421875 0.10555555555555556
1 0.39921875 0.2916666666666667 0.021875 0.04722222222222222
1 0.383984375 0.22916666666666666 0.01171875 0.030555555555555555
1 0.392578125 0.25416666666666665 0.01484375 0.03888888888888889
1 0.424609375 0.21458333333333332 0.01484375 0.034722222222222224
1 0.46328125 0.2111111111111111 0.0171875 0.027777777777777776
1 0.496484375 0.20277777777777778 0.01328125 0.025
1 0.908203125 0.2791666666666667 0.01640625 0.03611111111111111
1 0.81015625 0.24791666666666667 0.0171875 0.029166666666666667
1 0.788671875 0.23402777777777778 0.01328125 0.03194444444444444
