2 0.22352430555555555 0.6594328703703703 0.034722222222222224 0.04456018518518518
2 0.4494357638888889 0.6773726851851852 0.029947916666666668 0.05381944444444445
2 0.4989149305555556 0.6273148148148148 0.017795138888888888 0.03356481481481482
0 0.1508246527777778 0.6500289351851852 0.026475694444444444 0.03674768518518518
0 0.3540581597222222 0.6542245370370371 0.027994791666666668 0.04224537037037037
0 0.4569227430555556 0.6030092592592593 0.011067708333333334 0.027199074074074073
0 0.4673394097222222 0.6057581018518519 0.012369791666666666 0.022858796296296297
0 0.6073133680555556 0.6692708333333334 0.03493923611111111 0.04976851851851852
0 0.6483289930555556 0.6341145833333334 0.027560763888888888 0.03732638888888889
1 0.8480902777777778 0.6581307870370371 0.03342013888888889 0.048900462962962965
1 0.6988932291666666 0.6578414351851852 0.026258680555555556 0.04542824074074074
1 0.5132378472222222 0.6423611111111112 0.023871527777777776 0.036458333333333336
1 0.4774305555555556 0.6022858796296297 0.01171875 0.025173611111111112
1 0.400390625 0.6287615740740741 0.021701388888888888 0.032407407407407406
