1 0.7154296875 0.625 0.044921875 0.2111111111111111
1 0.6578125 0.5645833333333333 0.02890625 0.12083333333333333
1 0.6107421875 0.5569444444444445 0.024609375 0.09444444444444444
1 0.553515625 0.5472222222222223 0.0203125 0.09444444444444444
1 0.513671875 0.5395833333333333 0.021875 0.07916666666666666
1 0.2318359375 0.5472222222222223 0.042578125 0.20833333333333334
1 0.1677734375 0.4965277777777778 0.033203125 0.12916666666666668
1 0.1154296875 0.49166666666666664 0.023828125 0.11944444444444445
1 0.05703125 0.4888888888888889 0.01953125 0.07222222222222222
1 0.019921875 0.4826388888888889 0.02265625 0.09027777777777778
