2 0.09625 0.5791666666666667 0.084 0.12033333333333333
0 0.873625 0.5738333333333333 0.08225 0.11633333333333333
0 0.636125 0.3576666666666667 0.02825 0.04933333333333333
0 0.57675 0.3055 0.0145 0.029
0 0.553 0.2851666666666667 0.0105 0.022333333333333334
0 0.34425 0.3555 0.025 0.041
0 0.39825 0.30933333333333335 0.0185 0.028
0 0.424875 0.2851666666666667 0.01375 0.022333333333333334
1 0.438875 0.2723333333333333 0.00975 0.016
1 0.446125 0.26266666666666666 0.00775 0.014666666666666666
1 0.5395 0.2733333333333333 0.007 0.014
1 0.534125 0.2633333333333333 0.00775 0.016
