1 0.1796875 0.5412037037037037 0.017708333333333333 0.049074074074074076
1 0.3372395833333333 0.5740740740740741 0.019270833333333334 0.05185185185185185
1 0.4122395833333333 0.5671296296296297 0.009895833333333333 0.028703703703703703
1 0.44817708333333334 0.5740740740740741 0.008854166666666666 0.025925925925925925
1 0.47630208333333335 0.5898148148148148 0.008854166666666666 0.027777777777777776
1 0.45755208333333336 0.5921296296296297 0.015104166666666667 0.03796296296296296
1 0.03177083333333333 0.49537037037037035 0.013541666666666667 0.037037037037037035
1 0.009375 0.49583333333333335 0.014583333333333334 0.03796296296296296
1 0.04973958333333333 0.5152777777777777 0.019270833333333334 0.04537037037037037
1 0.06640625 0.5018518518518519 0.009895833333333333 0.04259259259259259
1 0.3072916666666667 0.5449074074074074 0.010416666666666666 0.028703703703703703
1 0.35703125 0.5541666666666667 0.011979166666666667 0.023148148148148147
1 0.26145833333333335 0.5347222222222222 0.009375 0.026851851851851852
1 0.21328125 0.5254629629629629 0.009895833333333333 0.023148148148148147
1 0.5059895833333333 0.49722222222222223 0.0140625 0.03518518518518519
1 0.5291666666666667 0.49675925925925923 0.0125 0.026851851851851852
1 0.5458333333333333 0.5125 0.01875 0.03981481481481482
1 0.5635416666666667 0.4981481481481482 0.011458333333333333 0.03148148148148148
1 0.6729166666666667 0.5467592592592593 0.019791666666666666 0.03981481481481482
1 0.7122395833333334 0.5287037037037037 0.013020833333333334 0.024074074074074074
1 0.7591145833333334 0.5324074074074074 0.0067708333333333336 0.018518518518518517
1 0.8286458333333333 0.5722222222222222 0.020833333333333332 0.040740740740740744
1 0.853125 0.5527777777777778 0.010416666666666666 0.024074074074074074
1 0.9098958333333333 0.5703703703703704 0.011458333333333333 0.024074074074074074
1 0.9440104166666666 0.5782407407407407 0.008854166666666666 0.025
1 0.9505208333333334 0.5930555555555556 0.013541666666666667 0.03425925925925926
1 0.9721354166666667 0.5888888888888889 0.015104166666666667 0.03518518518518519
2 0.24557291666666667 0.5375 0.009895833333333333 0.03425925925925926
2 0.7424479166666667 0.5398148148148149 0.011979166666666667 0.024074074074074074
1 0.8044270833333333 0.5449074074074074 0.0067708333333333336 0.019444444444444445
