1 0.8407118055555556 0.5938585069444444 0.03616898148148148 0.03624131944444445
1 0.5911458333333334 0.5759548611111112 0.031828703703703706 0.028645833333333332
1 0.5422453703703703 0.5419921875 0.019675925925925927 0.020616319444444444
1 0.44126157407407407 0.5616319444444444 0.028935185185185185 0.026041666666666668
0 0.12008101851851852 0.5716145833333334 0.031828703703703706 0.027777777777777776
0 0.37991898148148145 0.5802951388888888 0.03761574074074074 0.030815972222222224
0 0.7144097222222222 0.6005859375 0.046875 0.03797743055555555
0 0.7737268518518519 0.5737847222222222 0.03993055555555555 0.028645833333333332
0 0.5151909722222222 0.5434027777777778 0.013020833333333334 0.019097222222222224
0 0.5282118055555556 0.5457899305555556 0.015914351851851853 0.017361111111111112
2 0.5685763888888888 0.5631510416666666 0.02662037037037037 0.024305555555555556
2 0.5034722222222222 0.5999348958333334 0.041087962962962965 0.03797743055555555
2 0.20934606481481483 0.5815972222222222 0.03674768518518518 0.030381944444444444
