1 0.109765625 0.7055555555555556 0.02109375 0.1
0 0.370703125 0.6875 0.0203125 0.09166666666666666
1 0.1658203125 0.5388888888888889 0.008984375 0.041666666666666664
0 0.2830078125 0.5375 0.010546875 0.03888888888888889
1 0.2572265625 0.49375 0.005078125 0.02361111111111111
1 0.184375 0.49444444444444446 0.00546875 0.025
1 0.245703125 0.47430555555555554 0.0046875 0.018055555555555554
1 0.1931640625 0.47291666666666665 0.004296875 0.018055555555555554
2 0.2388671875 0.4618055555555556 0.003515625 0.015277777777777777
0 0.1970703125 0.46041666666666664 0.003515625 0.015277777777777777
2 0.2345703125 0.45416666666666666 0.003515625 0.013888888888888888
2 0.23125 0.44930555555555557 0.00234375 0.0125
2 0.73046875 0.5104166666666666 0.00234375 0.0125
2 0.73359375 0.5159722222222223 0.003125 0.015277777777777777
2 0.7375 0.5229166666666667 0.00390625 0.018055555555555554
0 0.6998046875 0.5125 0.002734375 0.013888888888888888
0 0.6958984375 0.5201388888888889 0.003515625 0.018055555555555554
1 0.6916015625 0.5326388888888889 0.004296875 0.018055555555555554
1 0.7439453125 0.5340277777777778 0.004296875 0.018055555555555554
1 0.7544921875 0.5534722222222223 0.005078125 0.02361111111111111
1 0.68203125 0.5548611111111111 0.0046875 0.02361111111111111
1 0.66171875 0.5979166666666667 0.00859375 0.04027777777777778
0 0.7796875 0.5979166666666667 0.009375 0.04027777777777778
0 0.861328125 0.75 0.02265625 0.09444444444444444
1 0.6005859375 0.7611111111111111 0.022265625 0.09722222222222222
