0 0.054947916666666666 0.6439814814814815 0.0359375 0.0824074074074074
0 0.2747395833333333 0.6597222222222222 0.008854166666666666 0.025
0 0.5401041666666667 0.6439814814814815 0.03958333333333333 0.07685185185185185
0 0.7705729166666667 0.6601851851851852 0.008854166666666666 0.02962962962962963
1 0.09557291666666666 0.6203703703703703 0.018229166666666668 0.040740740740740744
1 0.359375 0.7180555555555556 0.028125 0.06388888888888888
1 0.7588541666666667 0.6662037037037037 0.010416666666666666 0.04351851851851852
1 0.8458333333333333 0.7138888888888889 0.03333333333333333 0.06111111111111111
1 0.5888020833333333 0.6194444444444445 0.0171875 0.037037037037037035
1 0.2640625 0.6699074074074074 0.010416666666666666 0.03796296296296296
2 0.16171875 0.6310185185185185 0.016145833333333335 0.03425925925925926
2 0.65859375 0.6296296296296297 0.0140625 0.037037037037037035
