1 0.8609375 0.6787037037037037 0.029166666666666667 0.04814814814814815
1 0.7263020833333333 0.6412037037037037 0.0171875 0.03981481481481482
1 0.6484375 0.6194444444444445 0.011458333333333333 0.03148148148148148
1 0.571875 0.6050925925925926 0.010416666666666666 0.028703703703703703
1 0.5098958333333333 0.5930555555555556 0.009375 0.019444444444444445
1 0.0109375 0.5902777777777778 0.007291666666666667 0.021296296296296296
1 0.07421875 0.6041666666666666 0.009895833333333333 0.03425925925925926
1 0.1515625 0.6203703703703703 0.013541666666666667 0.02962962962962963
1 0.23046875 0.6412037037037037 0.013020833333333334 0.03611111111111111
1 0.37135416666666665 0.6796296296296296 0.029166666666666667 0.05185185185185185
0 0.5536458333333333 0.6087962962962963 0.015625 0.032407407407407406
0 0.6013020833333333 0.6328703703703704 0.021354166666666667 0.04537037037037037
0 0.5763020833333333 0.674537037037037 0.0390625 0.08611111111111111
0 0.10963541666666667 0.6273148148148148 0.022395833333333334 0.04722222222222222
0 0.05859375 0.6111111111111112 0.0140625 0.037037037037037035
0 0.09375 0.6754629629629629 0.04479166666666667 0.09351851851851851
0 0.0036458333333333334 0.5962962962962963 0.00625 0.027777777777777776
