1 0.1015 0.841 0.083 0.13866666666666666
1 0.92525 0.826 0.0885 0.132
1 0.591 0.4315 0.017 0.027
1 0.47 0.35283333333333333 0.0075 0.007666666666666666
1 0.52925 0.3511666666666667 0.005 0.004333333333333333
1 0.472125 0.3466666666666667 0.00475 0.009333333333333334
1 0.529 0.3481666666666667 0.0055 0.007666666666666666
2 0.349875 0.504 0.02975 0.051333333333333335
2 0.65425 0.5035 0.0305 0.04833333333333333
2 0.43375 0.3965 0.012 0.023666666666666666
0 0.40425 0.42983333333333335 0.0145 0.03233333333333333
0 0.565125 0.39966666666666667 0.01225 0.021333333333333333
0 0.551125 0.37983333333333336 0.00975 0.01633333333333333
0 0.448625 0.37883333333333336 0.00975 0.018333333333333333
0 0.457 0.36783333333333335 0.0105 0.018333333333333333
0 0.540375 0.3685 0.00625 0.013666666666666667
0 0.53375 0.3601666666666667 0.0055 0.011666666666666667
0 0.464 0.35933333333333334 0.0065 0.012
