1 0.741796875 0.5236111111111111 0.01953125 0.09444444444444444
1 0.6978515625 0.4875 0.012109375 0.06944444444444445
1 0.2041015625 0.49027777777777776 0.012890625 0.06388888888888888
1 0.249609375 0.53125 0.021875 0.08472222222222223
0 0.363671875 0.5493055555555556 0.01953125 0.09583333333333334
0 0.85546875 0.5472222222222223 0.01953125 0.08055555555555556
0 0.620703125 0.5416666666666666 0.07109375 0.49722222222222223
0 0.1439453125 0.5388888888888889 0.070703125 0.5166666666666667
2 0.3095703125 0.5402777777777777 0.024609375 0.10277777777777777
2 0.80234375 0.5409722222222222 0.01875 0.08194444444444444
