2 0.433984375 0.6805555555555556 0.01796875 0.05
0 0.367578125 0.7513888888888889 0.02890625 0.1
0 0.56484375 0.7847222222222222 0.034375 0.1
0 0.484375 0.6902777777777778 0.0109375 0.03333333333333333
0 0.497265625 0.7013888888888888 0.01328125 0.03611111111111111
0 0.407421875 0.7055555555555556 0.01484375 0.04722222222222222
0 0.419921875 0.6930555555555555 0.01171875 0.05
1 0.53671875 0.7534722222222222 0.0328125 0.07083333333333333
1 0.390625 0.7326388888888888 0.0234375 0.0763888888888889
1 0.5046875 0.7180555555555556 0.0140625 0.05555555555555555
