0 0.8208984375 0.34930555555555554 0.023828125 0.08472222222222223
0 0.674609375 0.2798611111111111 0.0125 0.11527777777777778
0 0.684375 0.2875 0.01015625 0.1111111111111111
0 0.1892578125 0.28125 0.010546875 0.0875
0 0.180859375 0.27291666666666664 0.00859375 0.10694444444444444
0 0.3255859375 0.3506944444444444 0.021484375 0.0875
0 0.02265625 0.35555555555555557 0.04453125 0.4
2 0.2708984375 0.34375 0.026953125 0.08472222222222223
2 0.7654296875 0.33611111111111114 0.017578125 0.08055555555555556
1 0.70390625 0.3375 0.01875 0.10277777777777777
1 0.6658203125 0.29583333333333334 0.015234375 0.06111111111111111
1 0.2095703125 0.3333333333333333 0.015234375 0.08055555555555556
1 0.1728515625 0.3 0.016015625 0.06944444444444445
