0 0.7723958333333333 0.674537037037037 0.028125 0.062037037037037036
0 0.6234375 0.6240740740740741 0.020833333333333332 0.04814814814814815
0 0.2838541666666667 0.6814814814814815 0.034375 0.06111111111111111
0 0.12864583333333332 0.6259259259259259 0.029166666666666667 0.044444444444444446
1 0.20651041666666667 0.6347222222222222 0.022395833333333334 0.03796296296296296
1 0.06744791666666666 0.600462962962963 0.018229166666666668 0.03425925925925926
1 0.33567708333333335 0.6768518518518518 0.022395833333333334 0.044444444444444446
1 0.5661458333333333 0.600925925925926 0.013541666666666667 0.03148148148148148
1 0.7013020833333333 0.6365740740740741 0.0171875 0.03425925925925926
1 0.8291666666666667 0.6759259259259259 0.023958333333333335 0.040740740740740744
