1 0.4713541666666667 0.7013888888888888 0.03958333333333333 0.08055555555555556
1 0.9208333333333333 0.6675925925925926 0.023958333333333335 0.04814814814814815
1 0.9598958333333333 0.7078703703703704 0.04791666666666667 0.08055555555555556
1 0.871875 0.649074074074074 0.01875 0.044444444444444446
1 0.43072916666666666 0.6648148148148149 0.028125 0.04814814814814815
1 0.38203125 0.6476851851851851 0.0234375 0.032407407407407406
1 0.11458333333333333 0.5796296296296296 0.013541666666666667 0.027777777777777776
1 0.18203125 0.5962962962962963 0.009895833333333333 0.022222222222222223
1 0.24375 0.6101851851851852 0.017708333333333333 0.025925925925925925
1 0.3046875 0.625462962962963 0.011458333333333333 0.025
1 0.6122395833333333 0.5819444444444445 0.008854166666666666 0.026851851851851852
1 0.7390625 0.6125 0.009375 0.023148148148148147
1 0.8010416666666667 0.625462962962963 0.010416666666666666 0.023148148148148147
1 0.67890625 0.5949074074074074 0.015104166666666667 0.03796296296296296
2 0.5424479166666667 0.5805555555555556 0.019270833333333334 0.044444444444444446
2 0.04739583333333333 0.5796296296296296 0.016666666666666666 0.040740740740740744
