1 0.1029296875 0.7090277777777778 0.023828125 0.10416666666666667
0 0.3744140625 0.6930555555555555 0.023828125 0.09444444444444444
0 0.2837890625 0.5319444444444444 0.009765625 0.03888888888888889
1 0.163671875 0.5333333333333333 0.009375 0.041666666666666664
1 0.2568359375 0.48680555555555555 0.005859375 0.02638888888888889
1 0.1828125 0.48819444444444443 0.00625 0.02638888888888889
1 0.1919921875 0.46597222222222223 0.004296875 0.018055555555555554
1 0.244921875 0.4666666666666667 0.0046875 0.019444444444444445
2 0.2384765625 0.45416666666666666 0.003515625 0.016666666666666666
1 0.659765625 0.5916666666666667 0.009375 0.041666666666666664
1 0.5935546875 0.7645833333333333 0.023828125 0.10138888888888889
0 0.865625 0.7548611111111111 0.0234375 0.09583333333333334
0 0.7796875 0.5923611111111111 0.009375 0.04027777777777778
1 0.754296875 0.5472222222222223 0.00546875 0.025
1 0.6806640625 0.5472222222222223 0.005859375 0.025
1 0.7431640625 0.5263888888888889 0.004296875 0.019444444444444445
1 0.690625 0.525 0.00390625 0.019444444444444445
2 0.7369140625 0.5145833333333333 0.003515625 0.018055555555555554
2 0.733203125 0.5069444444444444 0.003125 0.013888888888888888
