0 0.237890625 0.4840277777777778 0.0046875 0.018055555555555554
2 0.246875 0.4965277777777778 0.00546875 0.02361111111111111
2 0.2640625 0.5284722222222222 0.00703125 0.03194444444444444
0 0.18359375 0.4979166666666667 0.00546875 0.02361111111111111
0 0.1677734375 0.5284722222222222 0.007421875 0.034722222222222224
1 0.1923828125 0.48194444444444445 0.003515625 0.016666666666666666
0 0.123046875 0.6152777777777778 0.015625 0.06666666666666667
2 0.3134765625 0.6180555555555556 0.015234375 0.06111111111111111
1 0.233203125 0.4722222222222222 0.003125 0.013888888888888888
1 0.730859375 0.5326388888888889 0.003125 0.0125
0 0.7357421875 0.5430555555555555 0.003515625 0.016666666666666666
2 0.7439453125 0.5569444444444445 0.005078125 0.025
2 0.7595703125 0.5868055555555556 0.007421875 0.03194444444444444
0 0.68125 0.5555555555555556 0.00546875 0.022222222222222223
1 0.6904296875 0.5409722222222222 0.003515625 0.015277777777777777
0 0.6640625 0.5875 0.00703125 0.03333333333333333
0 0.616796875 0.6715277777777777 0.015625 0.06527777777777778
2 0.805859375 0.6763888888888889 0.015625 0.06111111111111111
