1 0.2783203125 0.5284722222222222 0.009765625 0.043055555555555555
0 0.1568359375 0.5277777777777778 0.010546875 0.041666666666666664
0 0.12421875 0.5180555555555556 0.0109375 0.041666666666666664
1 0.0587890625 0.7513888888888889 0.030859375 0.12777777777777777
0 0.3828125 0.7493055555555556 0.02890625 0.12361111111111112
1 0.7736328125 0.5888888888888889 0.008984375 0.044444444444444446
0 0.6525390625 0.5875 0.009765625 0.044444444444444446
0 0.6208984375 0.5777777777777777 0.010546875 0.041666666666666664
1 0.5486328125 0.8048611111111111 0.030859375 0.12083333333333333
0 0.87109375 0.8104166666666667 0.02890625 0.12083333333333333
